0 0
1 1
2 2
3 3
4 4
5 5
6 6
7 7
8 9
9 10
10 11
11 12
12 13
13 14
14 15
15 16
16 18
17 19
18 20
19 21
20 22
21 23
22 24
23 25
24 27
25 28
26 29
27 30
28 31
29 32
30 33
31 34
32 36
33 37
34 38
35 39
36 40
37 41
38 42
39 43
40 45
41 46
42 47
43 48
44 49
45 50
46 51
47 52
48 54
49 55
50 56
51 57
52 58
53 59
54 60
55 61
56 63
57 64
58 65
59 66
60 67
61 68
62 69
63 70
64 72
65 73
66 74
67 75
68 76
69 77
70 78
71 79
72 81
73 82
74 83
75 84
76 85
77 86
78 87
79 89
80 90
81 91
82 92
83 93
84 94
85 95
86 97
87 98
88 99
89 100
90 101
91 102
92 103
93 105
94 106
95 107
96 108
97 109
98 110
99 111
100 113
101 114
102 115
103 116
104 117
105 118
106 119
107 121
108 122
109 123
110 124
111 125
112 126
113 127
114 129
115 130
116 131
117 132
118 133
119 134
120 135
121 137
122 138
123 139
124 140
125 141
126 142
127 143
128 145
129 146
130 147
131 148
132 149
133 150
134 151
135 153
136 154
137 155
138 156
139 157
140 158
141 159
142 161
143 162
144 163
145 164
146 165
147 166
148 168
149 169
150 170
151 171
152 172
153 173
154 174
155 176
156 177
157 178
158 179
159 180
160 181
161 182
162 184
163 185
164 186
165 187
166 188
167 189
168 190
169 192
170 193
171 194
172 195
173 196
174 197
175 198
176 200
177 201
178 202
179 203
180 204
181 205
182 206
183 208
184 209
185 210
186 211
187 212
188 213
189 214
190 216
191 217
192 218
193 219
194 220
195 221
196 222
197 224
198 225
199 226
200 227
201 228
202 229
203 230
204 232
205 233
206 234
207 235
208 236
209 237
210 238
211 240
212 241
213 242
214 243
215 244
216 245
217 247
218 248
219 249
220 250
221 252
222 253
223 254
224 255
225 257
226 258
227 259
228 260
229 262
230 263
231 264
232 265
233 267
234 268
235 269
236 270
237 272
238 273
239 274
240 275
241 277
242 278
243 279
244 280
245 282
246 283
247 284
248 285
249 287
250 288
251 289
252 290
253 292
254 293
255 294
256 295
257 297
258 298
259 299
260 300
261 302
262 303
263 304
264 305
265 307
266 308
267 309
268 310
269 312
270 313
271 314
272 315
273 317
274 318
275 319
276 320
277 322
278 323
279 324
280 325
281 327
282 328
283 329
284 330
285 332
286 333
287 334
288 335
289 337
290 338
291 339
292 340
293 342
294 343
295 344
296 345
297 347
298 348
299 349
300 350
301 352
302 353
303 354
304 355
305 357
306 358
307 359
308 360
309 362
310 363
311 364
312 365
313 367
314 368
315 369
316 370
317 372
318 373
319 374
320 375
321 377
322 378
323 379
324 380
325 382
326 383
327 384
328 385
329 387
330 388
331 389
332 390
333 392
334 393
335 394
336 395
337 397
338 398
339 399
340 400
341 402
342 403
343 404
344 405
345 407
346 408
347 409
348 410
349 412
350 413
351 414
352 415
353 417
354 418
355 419
356 420
357 422
358 423
359 424
360 425
361 427
362 428
363 429
364 430
365 432
366 433
367 434
368 435
369 437
370 438
371 439
372 440
373 442
374 443
375 444
376 445
377 447
378 448
379 449
380 450
381 452
382 453
383 454
384 455
385 457
386 458
387 459
388 460
389 462
390 463
391 464
392 465
393 467
394 468
395 469
396 471
397 472
398 473
399 474
400 475
401 476
402 477
403 478
404 480
405 481
406 482
407 483
408 484
409 485
410 486
411 487
412 489
413 490
414 491
415 492
416 493
417 494
418 495
419 496
420 498
421 499
422 500
423 501
424 502
425 503
426 504
427 505
428 507
429 508
430 509
431 510
432 511
433 512
434 513
435 514
436 516
437 517
438 518
439 519
440 520
441 521
442 522
443 524
444 525
445 526
446 527
447 528
448 529
449 530
450 531
451 533
452 534
453 535
454 536
455 537
456 538
457 539
458 540
459 542
460 543
461 544
462 545
463 546
464 547
465 548
466 549
467 551
468 552
469 553
470 554
471 555
472 556
473 557
474 558
475 560
476 561
477 562
478 563
479 564
480 565
481 566
482 567
483 569
484 570
485 571
486 572
487 573
488 574
489 575
490 577
491 577
492 578
493 579
494 580
495 581
496 582
497 583
498 584
499 585
500 586
501 587
502 588
503 589
504 590
505 591
506 592
507 593
508 594
509 595
510 596
511 597
512 598
513 599
514 600
515 601
516 602
517 602
518 603
519 604
520 605
521 606
522 607
523 608
524 609
525 610
526 611
527 612
528 613
529 614
530 615
531 616
532 617
533 618
534 619
535 620
536 621
537 622
538 623
539 624
540 625
541 626
542 627
543 628
544 628
545 629
546 630
547 631
548 632
549 633
550 634
551 635
552 636
553 637
554 638
555 639
556 640
557 641
558 642
559 643
560 644
561 645
562 646
563 647
564 648
565 649
566 650
567 651
568 652
569 653
570 654
571 654
572 655
573 656
574 657
575 658
576 659
577 660
578 661
579 662
580 663
581 664
582 665
583 666
584 667
585 668
586 669
587 670
588 671
589 672
590 673
591 674
592 675
593 676
594 677
595 678
596 679
597 680
598 681
599 682
600 683
601 685
602 686
603 687
604 688
605 690
606 691
607 692
608 694
609 695
610 696
611 697
612 699
613 700
614 701
615 703
616 704
617 705
618 706
619 708
620 709
621 710
622 712
623 713
624 714
625 715
626 717
627 718
628 719
629 721
630 722
631 723
632 724
633 726
634 727
635 728
636 730
637 731
638 732
639 733
640 735
641 736
642 737
643 738
644 740
645 741
646 742
647 744
648 745
649 746
650 747
651 749
652 750
653 751
654 753
655 754
656 755
657 756
658 758
659 759
660 760
661 762
662 763
663 764
664 765
665 767
666 768
667 769
668 771
669 772
670 773
671 774
672 776
673 777
674 778
675 780
676 781
677 782
678 783
679 785
680 786
681 787
682 788
683 790
684 791
685 792
686 794
687 795
688 796
689 797
690 799
691 800
692 801
693 803
694 804
695 805
696 806
697 808
698 809
699 810
700 812
701 813
702 814
703 815
704 817
705 818
706 819
707 821
708 822
709 823
710 824
711 826
712 827
713 828
714 830
715 831
716 832
717 833
718 835
719 836
720 837
721 839
722 839
723 840
724 841
725 842
726 843
727 844
728 845
729 846
730 847
731 848
732 849
733 850
734 851
735 852
736 853
737 854
738 855
739 856
740 857
741 858
742 859
743 860
744 861
745 862
746 863
747 864
748 865
749 866
750 867
751 868
752 869
753 870
754 871
755 872
756 873
757 874
758 875
759 876
760 877
761 878
762 879
763 880
764 881
765 882
766 883
767 884
768 885
769 886
770 887
771 888
772 889
773 890
774 891
775 892
776 893
777 894
778 895
779 896
780 897
781 898
782 899
783 899
784 900
785 901
786 902
787 903
788 904
789 905
790 906
791 907
792 908
793 909
794 910
795 911
796 912
797 913
798 914
799 915
800 916
801 917
802 918
803 919
804 920
805 921
806 922
807 923
808 924
809 925
810 926
811 927
812 928
813 929
814 930
815 931
816 932
817 933
818 934
819 935
820 936
821 937
822 938
823 939
824 940
825 941
826 942
827 943
828 944
829 945
830 946
831 947
832 948
833 949
834 950
835 951
836 952
837 953
838 954
839 955
840 956
841 957
842 958
843 959
844 960
845 960
846 961
847 962
848 963
849 964
850 965
851 966
852 967
853 968
854 969
855 970
856 971
857 972
858 973
859 974
860 975
861 976
862 976
863 977
864 978
865 979
866 980
867 981
868 982
869 983
870 984
871 985
872 986
873 987
874 988
875 989
876 990
877 991
878 992
879 992
880 993
881 994
882 995
883 996
884 997
885 998
886 999
887 1000
888 1001
889 1002
890 1003
891 1004
892 1005
893 1006
894 1007
895 1008
896 1009
897 1009
898 1010
899 1011
900 1012
901 1013
902 1014
903 1015
904 1016
905 1017
906 1018
907 1019
908 1020
909 1021
910 1022
911 1023
912 1024
913 1025
914 1025
915 1026
916 1027
917 1028
918 1029
919 1030
920 1031
921 1032
922 1033
923 1034
924 1035
925 1036
926 1037
927 1038
928 1039
929 1040
930 1041
931 1042
932 1042
933 1043
934 1044
935 1045
936 1046
937 1047
938 1048
939 1049
940 1050
941 1051
942 1052
943 1053
944 1054
945 1055
946 1056
947 1057
948 1058
949 1058
950 1059
951 1060
952 1061
953 1062
954 1063
955 1064
956 1065
957 1066
958 1067
959 1068
960 1069
961 1070
962 1071
963 1072
964 1073
965 1074
966 1075
967 1075
968 1076
969 1077
970 1078
971 1079
972 1080
973 1081
974 1082
975 1083
976 1084
977 1085
978 1086
979 1087
980 1088
981 1089
982 1090
983 1090
984 1091
985 1092
986 1093
987 1094
988 1095
989 1096
990 1097
991 1098
992 1099
993 1100
994 1101
995 1102
996 1103
997 1104
998 1105
999 1105
1000 1106
1001 1107
1002 1108
1003 1109
1004 1110
1005 1111
1006 1112
1007 1113
1008 1114
1009 1115
1010 1116
1011 1117
1012 1118
1013 1119
1014 1120
1015 1121
1016 1121
1017 1122
1018 1123
1019 1124
1020 1125
1021 1126
1022 1127
1023 1128
1024 1129
1025 1130
1026 1131
1027 1132
1028 1133
1029 1134
1030 1135
1031 1136
1032 1136
1033 1137
1034 1138
1035 1139
1036 1140
1037 1141
1038 1142
1039 1143
1040 1144
1041 1145
1042 1146
1043 1147
1044 1148
1045 1149
1046 1150
1047 1151
1048 1152
1049 1152
1050 1153
1051 1154
1052 1155
1053 1155
1054 1156
1055 1157
1056 1158
1057 1159
1058 1159
1059 1160
1060 1161
1061 1162
1062 1163
1063 1163
1064 1164
1065 1165
1066 1166
1067 1166
1068 1167
1069 1168
1070 1169
1071 1170
1072 1170
1073 1171
1074 1172
1075 1173
1076 1174
1077 1174
1078 1175
1079 1176
1080 1177
1081 1177
1082 1178
1083 1179
1084 1180
1085 1181
1086 1181
1087 1182
1088 1183
1089 1184
1090 1185
1091 1185
1092 1186
1093 1187
1094 1188
1095 1188
1096 1189
1097 1190
1098 1191
1099 1192
1100 1192
1101 1193
1102 1194
1103 1195
1104 1196
1105 1196
1106 1197
1107 1198
1108 1199
1109 1199
1110 1200
1111 1201
1112 1202
1113 1203
1114 1203
1115 1204
1116 1205
1117 1206
1118 1207
1119 1208
1120 1209
1121 1210
1122 1211
1123 1212
1124 1213
1125 1214
1126 1216
1127 1217
1128 1218
1129 1219
1130 1220
1131 1221
1132 1222
1133 1223
1134 1225
1135 1226
1136 1227
1137 1228
1138 1229
1139 1230
1140 1231
1141 1232
1142 1234
1143 1235
1144 1236
1145 1237
1146 1238
1147 1239
1148 1240
1149 1241
1150 1243
1151 1243
1152 1244
1153 1245
1154 1246
1155 1247
1156 1247
1157 1248
1158 1249
1159 1250
1160 1251
1161 1251
1162 1252
1163 1253
1164 1254
1165 1255
1166 1255
1167 1256
1168 1257
1169 1258
1170 1259
1171 1259
1172 1260
1173 1261
1174 1262
1175 1263
1176 1263
1177 1264
1178 1265
1179 1266
1180 1267
1181 1267
1182 1268
1183 1269
1184 1270
1185 1271
1186 1271
1187 1272
1188 1273
1189 1274
1190 1275
1191 1275
1192 1276
1193 1277
1194 1278
1195 1279
1196 1279
1197 1280
1198 1281
1199 1282
1200 1283
1201 1283
1202 1284
1203 1285
1204 1286
1205 1287
1206 1287
1207 1288
1208 1289
1209 1290
1210 1291
1211 1291
1212 1292
1213 1293
1214 1294
1215 1295
1216 1295
1217 1296
1218 1297
1219 1298
1220 1299
1221 1299
1222 1300
1223 1301
1224 1302
1225 1303
1226 1303
1227 1304
1228 1305
1229 1306
1230 1307
1231 1307
1232 1308
1233 1309
1234 1310
1235 1311
1236 1312
1237 1312
1238 1313
1239 1314
1240 1315
1241 1316
1242 1317
1243 1318
1244 1319
1245 1320
1246 1320
1247 1321
1248 1322
1249 1323
1250 1324
1251 1325
1252 1326
1253 1327
1254 1328
1255 1329
1256 1329
1257 1330
1258 1331
1259 1332
1260 1333
1261 1334
1262 1335
1263 1336
1264 1337
1265 1338
1266 1338
1267 1339
1268 1340
1269 1341
1270 1342
1271 1343
1272 1344
1273 1345
1274 1346
1275 1347
1276 1347
1277 1348
1278 1349
1279 1350
1280 1351
1281 1352
1282 1353
1283 1354
1284 1355
1285 1356
1286 1356
1287 1357
1288 1358
1289 1359
1290 1360
1291 1361
1292 1362
1293 1363
1294 1364
1295 1364
1296 1365
1297 1366
1298 1367
1299 1368
1300 1369
1301 1370
1302 1371
1303 1372
1304 1373
1305 1373
1306 1374
1307 1375
1308 1376
1309 1377
1310 1378
1311 1379
1312 1380
1313 1381
1314 1382
1315 1382
1316 1383
1317 1384
1318 1385
1319 1386
1320 1387
1321 1388
1322 1389
1323 1390
1324 1391
1325 1391
1326 1392
1327 1393
1328 1394
1329 1395
1330 1396
1331 1397
1332 1398
1333 1399
1334 1400
1335 1400
1336 1401
1337 1402
1338 1403
1339 1404
1340 1405
1341 1406
1342 1407
1343 1408
1344 1409
1345 1409
1346 1410
1347 1411
1348 1412
1349 1413
1350 1414
1351 1415
1352 1416
1353 1417
1354 1418
1355 1419
1356 1420
1357 1421
1358 1422
1359 1422
1360 1423
1361 1424
1362 1425
1363 1426
1364 1427
1365 1428
1366 1429
1367 1430
1368 1431
1369 1432
1370 1433
1371 1434
1372 1435
1373 1435
1374 1436
1375 1437
1376 1438
1377 1439
1378 1440
1379 1441
1380 1442
1381 1443
1382 1444
1383 1445
1384 1446
1385 1447
1386 1448
1387 1448
1388 1449
1389 1450
1390 1451
1391 1452
1392 1453
1393 1454
1394 1455
1395 1456
1396 1457
1397 1458
1398 1459
1399 1460
1400 1461
1401 1461
1402 1462
1403 1463
1404 1464
1405 1465
1406 1466
1407 1467
1408 1468
1409 1469
1410 1470
1411 1471
1412 1472
1413 1473
1414 1474
1415 1474
1416 1475
1417 1476
1418 1477
1419 1478
1420 1479
1421 1480
1422 1481
1423 1482
1424 1483
1425 1484
1426 1485
1427 1486
1428 1487
1429 1487
1430 1488
1431 1489
1432 1490
1433 1491
1434 1492
1435 1493
1436 1494
1437 1495
1438 1496
1439 1497
1440 1498
1441 1499
1442 1500
1443 1501
1444 1501
1445 1502
1446 1503
1447 1504
1448 1505
1449 1506
1450 1507
1451 1508
1452 1509
1453 1510
1454 1511
1455 1512
1456 1513
1457 1514
1458 1515
1459 1516
1460 1517
1461 1518
1462 1519
1463 1520
1464 1521
1465 1522
1466 1523
1467 1524
1468 1525
1469 1526
1470 1527
1471 1528
1472 1529
1473 1530
1474 1531
1475 1532
1476 1533
1477 1534
1478 1535
1479 1536
1480 1537
1481 1538
1482 1539
1483 1540
1484 1541
1485 1542
1486 1543
1487 1544
1488 1545
1489 1546
1490 1547
1491 1548
1492 1549
1493 1550
1494 1551
1495 1552
1496 1553
1497 1554
1498 1555
1499 1556
1500 1557
1501 1558
1502 1559
1503 1560
1504 1561
1505 1562
1506 1563
1507 1564
1508 1565
1509 1566
1510 1567
1511 1568
1512 1569
1513 1570
1514 1571
1515 1572
1516 1573
1517 1574
1518 1575
1519 1576
1520 1577
1521 1578
1522 1579
1523 1580
1524 1581
1525 1582
1526 1583
1527 1584
1528 1585
1529 1586
1530 1587
1531 1588
1532 1589
1533 1590
1534 1591
1535 1592
1536 1593
1537 1594
1538 1595
1539 1596
1540 1597
1541 1598
1542 1599
1543 1600
1544 1601
1545 1602
1546 1603
1547 1604
1548 1605
1549 1606
1550 1607
1551 1608
1552 1609
1553 1610
1554 1611
1555 1612
1556 1613
1557 1614
1558 1615
1559 1616
1560 1617
1561 1618
1562 1618
1563 1619
1564 1620
1565 1621
1566 1622
1567 1623
1568 1624
1569 1625
1570 1626
1571 1627
1572 1628
1573 1629
1574 1630
1575 1631
1576 1632
1577 1633
1578 1633
1579 1634
1580 1635
1581 1636
1582 1637
1583 1638
1584 1639
1585 1640
1586 1641
1587 1642
1588 1643
1589 1644
1590 1645
1591 1646
1592 1647
1593 1648
1594 1649
1595 1649
1596 1650
1597 1651
1598 1652
1599 1653
1600 1654
1601 1655
1602 1656
1603 1657
1604 1658
1605 1659
1606 1660
1607 1661
1608 1662
1609 1663
1610 1664
1611 1665
1612 1665
1613 1666
1614 1667
1615 1668
1616 1669
1617 1670
1618 1671
1619 1672
1620 1673
1621 1674
1622 1675
1623 1676
1624 1677
1625 1678
1626 1679
1627 1680
1628 1681
1629 1681
1630 1682
1631 1683
1632 1684
1633 1685
1634 1686
1635 1687
1636 1688
1637 1689
1638 1690
1639 1691
1640 1692
1641 1693
1642 1694
1643 1695
1644 1696
1645 1697
1646 1698
1647 1699
1648 1700
1649 1701
1650 1702
1651 1703
1652 1704
1653 1706
1654 1707
1655 1708
1656 1709
1657 1710
1658 1711
1659 1712
1660 1714
1661 1715
1662 1716
1663 1717
1664 1718
1665 1719
1666 1720
1667 1721
1668 1723
1669 1724
1670 1725
1671 1726
1672 1727
1673 1728
1674 1729
1675 1731
1676 1732
1677 1733
1678 1734
1679 1735
1680 1736
1681 1737
1682 1738
1683 1740
1684 1741
1685 1742
1686 1743
1687 1744
1688 1745
1689 1746
1690 1748
1691 1749
1692 1750
1693 1751
1694 1752
1695 1753
1696 1754
1697 1756
1698 1757
1699 1758
1700 1759
1701 1760
1702 1761
1703 1762
1704 1763
1705 1765
1706 1766
1707 1767
1708 1768
1709 1769
1710 1770
1711 1771
1712 1773
1713 1774
1714 1775
1715 1776
1716 1777
1717 1778
1718 1779
1719 1780
1720 1782
1721 1783
1722 1784
1723 1785
1724 1786
1725 1787
1726 1788
1727 1790
1728 1791
1729 1792
1730 1793
1731 1794
1732 1795
1733 1796
1734 1798
1735 1798
1736 1799
1737 1800
1738 1801
1739 1802
1740 1803
1741 1804
1742 1805
1743 1806
1744 1806
1745 1807
1746 1808
1747 1809
1748 1810
1749 1811
1750 1812
1751 1813
1752 1814
1753 1815
1754 1815
1755 1816
1756 1817
1757 1818
1758 1819
1759 1820
1760 1821
1761 1822
1762 1823
1763 1824
1764 1824
1765 1825
1766 1826
1767 1827
1768 1828
1769 1829
1770 1830
1771 1831
1772 1832
1773 1833
1774 1833
1775 1834
1776 1835
1777 1836
1778 1837
1779 1838
1780 1839
1781 1840
1782 1841
1783 1842
1784 1842
1785 1843
1786 1844
1787 1845
1788 1846
1789 1847
1790 1848
1791 1849
1792 1850
1793 1851
1794 1851
1795 1852
1796 1853
1797 1854
1798 1855
1799 1856
1800 1857
1801 1858
1802 1859
1803 1860
1804 1860
1805 1861
1806 1862
1807 1863
1808 1864
1809 1865
1810 1866
1811 1867
1812 1868
1813 1869
1814 1869
1815 1870
1816 1871
1817 1872
1818 1873
1819 1874
1820 1875
1821 1876
1822 1877
1823 1878
1824 1878
1825 1879
1826 1880
1827 1881
1828 1882
1829 1883
1830 1884
1831 1885
1832 1886
1833 1887
1834 1887
1835 1888
1836 1889
1837 1890
1838 1891
1839 1892
1840 1893
1841 1894
1842 1895
1843 1896
1844 1897
1845 1898
1846 1899
1847 1900
1848 1901
1849 1902
1850 1903
1851 1904
1852 1905
1853 1906
1854 1907
1855 1908
1856 1909
1857 1909
1858 1910
1859 1911
1860 1912
1861 1913
1862 1914
1863 1915
1864 1916
1865 1917
1866 1918
1867 1919
1868 1920
1869 1921
1870 1922
1871 1923
1872 1924
1873 1925
1874 1926
1875 1927
1876 1928
1877 1929
1878 1930
1879 1931
1880 1931
1881 1932
1882 1933
1883 1934
1884 1935
1885 1936
1886 1937
1887 1938
1888 1939
1889 1940
1890 1941
1891 1942
1892 1943
1893 1944
1894 1945
1895 1946
1896 1947
1897 1948
1898 1949
1899 1950
1900 1951
1901 1952
1902 1953
1903 1953
1904 1954
1905 1955
1906 1956
1907 1956
1908 1957
1909 1958
1910 1959
1911 1959
1912 1960
1913 1961
1914 1962
1915 1962
1916 1963
1917 1964
1918 1965
1919 1965
1920 1966
1921 1967
1922 1968
1923 1968
1924 1969
1925 1970
1926 1971
1927 1971
1928 1972
1929 1973
1930 1974
1931 1974
1932 1975
1933 1976
1934 1977
1935 1977
1936 1978
1937 1979
1938 1980
1939 1980
1940 1981
1941 1982
1942 1983
1943 1983
1944 1984
1945 1985
1946 1986
1947 1986
1948 1987
1949 1988
1950 1989
1951 1989
1952 1990
1953 1991
1954 1992
1955 1992
1956 1993
1957 1994
1958 1995
1959 1995
1960 1996
1961 1997
1962 1998
1963 1998
1964 1999
1965 2000
1966 2001
1967 2001
1968 2002
1969 2003
1970 2004
1971 2004
1972 2005
1973 2006
1974 2007
1975 2007
1976 2008
1977 2009
1978 2010
1979 2010
1980 2011
1981 2012
1982 2013
1983 2013
1984 2014
1985 2015
1986 2016
1987 2016
1988 2017
1989 2018
1990 2019
1991 2019
1992 2020
1993 2021
1994 2022
1995 2022
1996 2023
1997 2024
1998 2025
1999 2025
2000 2026
2001 2027
2002 2028
2003 2028
2004 2029
2005 2030
2006 2031
2007 2031
2008 2032
2009 2033
2010 2034
2011 2034
2012 2035
2013 2036
2014 2037
2015 2038
2016 2039
2017 2040
2018 2042
2019 2043
2020 2044
2021 2046
2022 2047
2023 2048
2024 2050
2025 2051
2026 2052
2027 2054
2028 2055
2029 2056
2030 2058
2031 2059
2032 2060
2033 2061
2034 2063
2035 2064
2036 2065
2037 2067
2038 2068
2039 2069
2040 2071
2041 2072
2042 2073
2043 2075
2044 2076
2045 2077
2046 2079
2047 2080
2048 2081
2049 2083
2050 2084
2051 2085
2052 2086
2053 2088
2054 2089
2055 2090
2056 2092
2057 2093
2058 2094
2059 2096
2060 2097
2061 2098
2062 2100
2063 2101
2064 2102
2065 2104
2066 2105
2067 2106
2068 2107
2069 2109
2070 2110
2071 2111
2072 2113
2073 2114
2074 2115
2075 2117
2076 2118
2077 2119
2078 2121
2079 2122
2080 2123
2081 2125
2082 2126
2083 2127
2084 2129
2085 2129
2086 2130
2087 2131
2088 2131
2089 2132
2090 2133
2091 2134
2092 2134
2093 2135
2094 2136
2095 2137
2096 2137
2097 2138
2098 2139
2099 2140
2100 2140
2101 2141
2102 2142
2103 2143
2104 2143
2105 2144
2106 2145
2107 2145
2108 2146
2109 2147
2110 2148
2111 2148
2112 2149
2113 2150
2114 2151
2115 2151
2116 2152
2117 2153
2118 2154
2119 2154
2120 2155
2121 2156
2122 2157
2123 2157
2124 2158
2125 2159
2126 2159
2127 2160
2128 2161
2129 2162
2130 2162
2131 2163
2132 2164
2133 2165
2134 2165
2135 2166
2136 2167
2137 2168
2138 2168
2139 2169
2140 2170
2141 2171
2142 2171
2143 2172
2144 2173
2145 2174
2146 2175
2147 2176
2148 2177
2149 2178
2150 2179
2151 2180
2152 2180
2153 2181
2154 2182
2155 2183
2156 2184
2157 2185
2158 2186
2159 2187
2160 2188
2161 2189
2162 2189
2163 2190
2164 2191
2165 2192
2166 2193
2167 2194
2168 2195
2169 2196
2170 2197
2171 2198
