0 0
1 0
2 1
3 2
4 3
5 4
6 5
7 6
8 7
9 7
10 8
11 9
12 10
13 11
14 12
15 13
16 14
17 15
18 15
19 16
20 17
21 18
22 19
23 20
24 21
25 22
26 23
27 23
28 24
29 25
30 26
31 27
32 28
33 29
34 30
35 31
36 31
37 32
38 33
39 34
40 35
41 36
42 37
43 38
44 39
45 39
46 40
47 41
48 42
49 43
50 44
51 45
52 46
53 47
54 47
55 48
56 49
57 50
58 51
59 52
60 53
61 54
62 55
63 55
64 56
65 57
66 58
67 59
68 60
69 61
70 62
71 63
72 63
73 64
74 65
75 66
76 67
77 68
78 69
79 70
80 71
81 71
82 72
83 73
84 74
85 75
86 76
87 77
88 78
89 79
90 79
91 80
92 81
93 82
94 83
95 84
96 85
97 85
98 86
99 87
100 88
101 89
102 90
103 91
104 92
105 92
106 93
107 94
108 95
109 96
110 97
111 98
112 99
113 99
114 100
115 101
116 102
117 103
118 104
119 105
120 106
121 106
122 107
123 108
124 109
125 110
126 111
127 112
128 113
129 113
130 114
131 115
132 116
133 117
134 118
135 119
136 120
137 120
138 121
139 122
140 123
141 124
142 125
143 126
144 127
145 127
146 128
147 129
148 130
149 131
150 132
151 133
152 134
153 134
154 135
155 136
156 137
157 138
158 139
159 140
160 141
161 141
162 142
163 143
164 144
165 145
166 146
167 147
168 148
169 148
170 149
171 150
172 151
173 152
174 153
175 154
176 154
177 155
178 156
179 157
180 158
181 159
182 160
183 161
184 161
185 162
186 163
187 164
188 165
189 166
190 167
191 168
192 168
193 169
194 170
195 171
196 172
197 173
198 174
199 175
200 175
201 176
202 177
203 178
204 179
205 180
206 181
207 182
208 182
209 183
210 184
211 185
212 186
213 187
214 188
215 189
216 189
217 190
218 191
219 192
220 193
221 194
222 195
223 196
224 196
225 197
226 198
227 199
228 200
229 201
230 202
231 203
232 203
233 204
234 205
235 206
236 207
237 208
238 209
239 210
240 210
241 211
242 212
243 213
244 214
245 215
246 216
247 217
248 217
249 218
250 219
251 220
252 220
253 221
254 222
255 223
256 224
257 224
258 225
259 226
260 227
261 228
262 228
263 229
264 230
265 231
266 232
267 232
268 233
269 234
270 235
271 236
272 236
273 237
274 238
275 239
276 240
277 240
278 241
279 242
280 243
281 244
282 244
283 245
284 246
285 247
286 248
287 248
288 249
289 250
290 251
291 252
292 252
293 253
294 254
295 255
296 256
297 256
298 257
299 258
300 259
301 260
302 260
303 261
304 262
305 263
306 264
307 264
308 265
309 266
310 267
311 268
312 268
313 269
314 270
315 271
316 272
317 272
318 273
319 274
320 275
321 276
322 276
323 277
324 278
325 279
326 280
327 280
328 281
329 282
330 283
331 284
332 284
333 285
334 286
335 287
336 288
337 288
338 289
339 290
340 291
341 292
342 292
343 293
344 294
345 295
346 296
347 296
348 297
349 298
350 299
351 300
352 300
353 301
354 302
355 303
356 304
357 304
358 305
359 306
360 307
361 308
362 308
363 309
364 310
365 311
366 312
367 312
368 313
369 314
370 315
371 316
372 316
373 317
374 318
375 319
376 320
377 320
378 321
379 322
380 323
381 324
382 324
383 325
384 326
385 327
386 328
387 328
388 329
389 330
390 331
391 332
392 332
393 333
394 334
395 335
396 336
397 336
398 337
399 338
400 339
401 340
402 340
403 341
404 342
405 343
406 344
407 344
408 345
409 346
410 347
411 348
412 348
413 349
414 350
415 351
416 352
417 352
418 353
419 354
420 355
421 356
422 356
423 357
424 358
425 359
426 360
427 360
428 361
429 362
430 363
431 364
432 364
433 365
434 366
435 367
436 368
437 368
438 369
439 370
440 371
441 372
442 372
443 373
444 374
445 375
446 376
447 376
448 377
449 378
450 379
451 380
452 380
453 381
454 382
455 383
456 384
457 384
458 385
459 386
460 387
461 388
462 388
463 389
464 390
465 391
466 392
467 392
468 393
469 394
470 395
471 396
472 396
473 397
474 398
475 399
476 400
477 401
478 402
479 403
480 403
481 404
482 405
483 406
484 407
485 408
486 409
487 410
488 411
489 411
490 412
491 413
492 414
493 415
494 416
495 417
496 418
497 419
498 419
499 420
500 421
501 422
502 423
503 424
504 425
505 426
506 427
507 427
508 428
509 429
510 430
511 431
512 432
513 433
514 434
515 435
516 435
517 436
518 437
519 438
520 439
521 440
522 441
523 442
524 443
525 443
526 444
527 445
528 446
529 447
530 448
531 449
532 450
533 450
534 451
535 452
536 453
537 454
538 455
539 456
540 457
541 458
542 458
543 459
544 460
545 461
546 462
547 463
548 464
549 465
550 466
551 466
552 467
553 468
554 469
555 470
556 471
557 472
558 473
559 474
560 474
561 475
562 476
563 477
564 478
565 479
566 480
567 481
568 482
569 482
570 483
571 484
572 485
573 486
574 487
575 488
576 489
577 490
578 491
579 492
580 493
581 494
582 495
583 496
584 497
585 498
586 499
587 500
588 501
589 502
590 503
591 504
592 505
593 506
594 507
595 508
596 509
597 510
598 511
599 512
600 513
601 514
602 515
603 517
604 518
605 519
606 520
607 521
608 522
609 523
610 524
611 525
612 526
613 527
614 528
615 529
616 530
617 531
618 532
619 533
620 534
621 535
622 536
623 537
624 538
625 539
626 540
627 541
628 542
629 544
630 545
631 546
632 547
633 548
634 549
635 550
636 551
637 552
638 553
639 554
640 555
641 556
642 557
643 558
644 559
645 560
646 561
647 562
648 563
649 564
650 565
651 566
652 567
653 568
654 569
655 571
656 572
657 573
658 574
659 575
660 576
661 577
662 578
663 579
664 580
665 581
666 582
667 583
668 584
669 585
670 586
671 587
672 588
673 589
674 590
675 591
676 592
677 593
678 594
679 595
680 597
681 597
682 598
683 599
684 600
685 600
686 601
687 602
688 603
689 604
690 604
691 605
692 606
693 607
694 607
695 608
696 609
697 610
698 611
699 611
700 612
701 613
702 614
703 614
704 615
705 616
706 617
707 618
708 618
709 619
710 620
711 621
712 621
713 622
714 623
715 624
716 625
717 625
718 626
719 627
720 628
721 628
722 629
723 630
724 631
725 632
726 632
727 633
728 634
729 635
730 635
731 636
732 637
733 638
734 639
735 639
736 640
737 641
738 642
739 643
740 643
741 644
742 645
743 646
744 646
745 647
746 648
747 649
748 650
749 650
750 651
751 652
752 653
753 653
754 654
755 655
756 656
757 657
758 657
759 658
760 659
761 660
762 660
763 661
764 662
765 663
766 664
767 664
768 665
769 666
770 667
771 667
772 668
773 669
774 670
775 671
776 671
777 672
778 673
779 674
780 674
781 675
782 676
783 677
784 678
785 678
786 679
787 680
788 681
789 682
790 682
791 683
792 684
793 685
794 685
795 686
796 687
797 688
798 689
799 689
800 690
801 691
802 692
803 692
804 693
805 694
806 695
807 696
808 696
809 697
810 698
811 699
812 699
813 700
814 701
815 702
816 703
817 703
818 704
819 705
820 706
821 706
822 707
823 708
824 709
825 710
826 710
827 711
828 712
829 713
830 713
831 714
832 715
833 716
834 717
835 717
836 718
837 719
838 720
839 721
840 722
841 723
842 724
843 725
844 726
845 727
846 728
847 729
848 730
849 731
850 732
851 733
852 734
853 735
854 736
855 737
856 738
857 739
858 740
859 741
860 742
861 743
862 744
863 745
864 746
865 747
866 748
867 749
868 750
869 751
870 752
871 753
872 754
873 755
874 756
875 757
876 758
877 759
878 760
879 761
880 762
881 763
882 764
883 765
884 766
885 767
886 768
887 769
888 770
889 771
890 772
891 773
892 774
893 775
894 776
895 777
896 778
897 779
898 780
899 781
900 783
901 784
902 785
903 786
904 787
905 788
906 789
907 790
908 791
909 792
910 793
911 794
912 795
913 796
914 797
915 798
916 799
917 800
918 801
919 802
920 803
921 804
922 805
923 806
924 807
925 808
926 809
927 810
928 811
929 812
930 813
931 814
932 815
933 816
934 817
935 818
936 819
937 820
938 821
939 822
940 823
941 824
942 825
943 826
944 827
945 828
946 829
947 830
948 831
949 832
950 833
951 834
952 835
953 836
954 837
955 838
956 839
957 840
958 841
959 842
960 844
961 845
962 846
963 847
964 848
965 849
966 850
967 851
968 852
969 853
970 854
971 855
972 856
973 857
974 858
975 859
976 860
977 862
978 863
979 864
980 865
981 866
982 867
983 868
984 869
985 870
986 871
987 872
988 873
989 874
990 875
991 876
992 877
993 879
994 880
995 881
996 882
997 883
998 884
999 885
1000 886
1001 887
1002 888
1003 889
1004 890
1005 891
1006 892
1007 893
1008 894
1009 895
1010 897
1011 898
1012 899
1013 900
1014 901
1015 902
1016 903
1017 904
1018 905
1019 906
1020 907
1021 908
1022 909
1023 910
1024 911
1025 912
1026 914
1027 915
1028 916
1029 917
1030 918
1031 919
1032 920
1033 921
1034 922
1035 923
1036 924
1037 925
1038 926
1039 927
1040 928
1041 929
1042 930
1043 932
1044 933
1045 934
1046 935
1047 936
1048 937
1049 938
1050 939
1051 940
1052 941
1053 942
1054 943
1055 944
1056 945
1057 946
1058 947
1059 949
1060 950
1061 951
1062 952
1063 953
1064 954
1065 955
1066 956
1067 957
1068 958
1069 959
1070 960
1071 961
1072 962
1073 963
1074 964
1075 966
1076 967
1077 968
1078 969
1079 970
1080 971
1081 972
1082 973
1083 974
1084 975
1085 976
1086 977
1087 978
1088 979
1089 980
1090 981
1091 983
1092 984
1093 985
1094 986
1095 987
1096 988
1097 989
1098 990
1099 991
1100 992
1101 993
1102 994
1103 995
1104 996
1105 997
1106 999
1107 1000
1108 1001
1109 1002
1110 1003
1111 1004
1112 1005
1113 1006
1114 1007
1115 1008
1116 1009
1117 1010
1118 1011
1119 1012
1120 1013
1121 1014
1122 1016
1123 1017
1124 1018
1125 1019
1126 1020
1127 1021
1128 1022
1129 1023
1130 1024
1131 1025
1132 1026
1133 1027
1134 1028
1135 1029
1136 1030
1137 1032
1138 1033
1139 1034
1140 1035
1141 1036
1142 1037
1143 1038
1144 1039
1145 1040
1146 1041
1147 1042
1148 1043
1149 1044
1150 1045
1151 1046
1152 1048
1153 1049
1154 1050
1155 1051
1156 1053
1157 1054
1158 1055
1159 1056
1160 1058
1161 1059
1162 1060
1163 1062
1164 1063
1165 1064
1166 1065
1167 1067
1168 1068
1169 1069
1170 1070
1171 1072
1172 1073
1173 1074
1174 1076
1175 1077
1176 1078
1177 1079
1178 1081
1179 1082
1180 1083
1181 1084
1182 1086
1183 1087
1184 1088
1185 1090
1186 1091
1187 1092
1188 1093
1189 1095
1190 1096
1191 1097
1192 1098
1193 1100
1194 1101
1195 1102
1196 1104
1197 1105
1198 1106
1199 1107
1200 1109
1201 1110
1202 1111
1203 1112
1204 1114
1205 1115
1206 1116
1207 1118
1208 1118
1209 1119
1210 1120
1211 1121
1212 1122
1213 1123
1214 1124
1215 1125
1216 1126
1217 1126
1218 1127
1219 1128
1220 1129
1221 1130
1222 1131
1223 1132
1224 1133
1225 1134
1226 1134
1227 1135
1228 1136
1229 1137
1230 1138
1231 1139
1232 1140
1233 1141
1234 1142
1235 1142
1236 1143
1237 1144
1238 1145
1239 1146
1240 1147
1241 1148
1242 1149
1243 1150
1244 1151
1245 1152
1246 1153
1247 1154
1248 1156
1249 1157
1250 1158
1251 1159
1252 1161
1253 1162
1254 1163
1255 1164
1256 1166
1257 1167
1258 1168
1259 1169
1260 1171
1261 1172
1262 1173
1263 1174
1264 1176
1265 1177
1266 1178
1267 1179
1268 1181
1269 1182
1270 1183
1271 1184
1272 1186
1273 1187
1274 1188
1275 1189
1276 1191
1277 1192
1278 1193
1279 1194
1280 1196
1281 1197
1282 1198
1283 1199
1284 1201
1285 1202
1286 1203
1287 1204
1288 1206
1289 1207
1290 1208
1291 1209
1292 1211
1293 1212
1294 1213
1295 1214
1296 1216
1297 1217
1298 1218
1299 1219
1300 1221
1301 1222
1302 1223
1303 1224
1304 1226
1305 1227
1306 1228
1307 1229
1308 1231
1309 1232
1310 1233
1311 1234
1312 1236
1313 1237
1314 1238
1315 1239
1316 1240
1317 1241
1318 1242
1319 1243
1320 1244
1321 1246
1322 1247
1323 1248
1324 1249
1325 1250
1326 1251
1327 1252
1328 1253
1329 1254
1330 1256
1331 1257
1332 1258
1333 1259
1334 1260
1335 1261
1336 1262
1337 1263
1338 1264
1339 1266
1340 1267
1341 1268
1342 1269
1343 1270
1344 1271
1345 1272
1346 1273
1347 1274
1348 1276
1349 1277
1350 1278
1351 1279
1352 1280
1353 1281
1354 1282
1355 1283
1356 1284
1357 1286
1358 1287
1359 1288
1360 1289
1361 1290
1362 1291
1363 1292
1364 1293
1365 1295
1366 1296
1367 1297
1368 1298
1369 1299
1370 1300
1371 1301
1372 1302
1373 1303
1374 1305
1375 1306
1376 1307
1377 1308
1378 1309
1379 1310
1380 1311
1381 1312
1382 1313
1383 1315
1384 1316
1385 1317
1386 1318
1387 1319
1388 1320
1389 1321
1390 1322
1391 1323
1392 1325
1393 1326
1394 1327
1395 1328
1396 1329
1397 1330
1398 1331
1399 1332
1400 1333
1401 1335
1402 1336
1403 1337
1404 1338
1405 1339
1406 1340
1407 1341
1408 1342
1409 1344
1410 1345
1411 1346
1412 1347
1413 1348
1414 1349
1415 1350
1416 1351
1417 1352
1418 1353
1419 1354
1420 1355
1421 1356
1422 1357
1423 1359
1424 1360
1425 1361
1426 1362
1427 1363
1428 1364
1429 1365
1430 1366
1431 1367
1432 1368
1433 1369
1434 1370
1435 1371
1436 1373
1437 1374
1438 1375
1439 1376
1440 1377
1441 1378
1442 1379
1443 1380
1444 1381
1445 1382
1446 1383
1447 1384
1448 1385
1449 1387
1450 1388
1451 1389
1452 1390
1453 1391
1454 1392
1455 1393
1456 1394
1457 1395
1458 1396
1459 1397
1460 1398
1461 1399
1462 1401
1463 1402
1464 1403
1465 1404
1466 1405
1467 1406
1468 1407
1469 1408
1470 1409
1471 1410
1472 1411
1473 1412
1474 1413
1475 1415
1476 1416
1477 1417
1478 1418
1479 1419
1480 1420
1481 1421
1482 1422
1483 1423
1484 1424
1485 1425
1486 1426
1487 1427
1488 1429
1489 1430
1490 1431
1491 1432
1492 1433
1493 1434
1494 1435
1495 1436
1496 1437
1497 1438
1498 1439
1499 1440
1500 1441
1501 1443
1502 1444
1503 1445
1504 1446
1505 1447
1506 1448
1507 1449
1508 1450
1509 1451
1510 1452
1511 1453
1512 1454
1513 1455
1514 1456
1515 1457
1516 1458
1517 1459
1518 1460
1519 1461
1520 1462
1521 1463
1522 1464
1523 1465
1524 1466
1525 1467
1526 1468
1527 1469
1528 1470
1529 1471
1530 1472
1531 1473
1532 1474
1533 1475
1534 1476
1535 1477
1536 1478
1537 1479
1538 1480
1539 1481
1540 1482
1541 1483
1542 1484
1543 1485
1544 1486
1545 1487
1546 1488
1547 1489
1548 1490
1549 1491
1550 1492
1551 1493
1552 1494
1553 1495
1554 1496
1555 1497
1556 1498
1557 1499
1558 1500
1559 1501
1560 1502
1561 1503
1562 1504
1563 1505
1564 1506
1565 1507
1566 1508
1567 1509
1568 1510
1569 1511
1570 1512
1571 1513
1572 1514
1573 1515
1574 1516
1575 1517
1576 1518
1577 1519
1578 1520
1579 1521
1580 1522
1581 1523
1582 1524
1583 1525
1584 1526
1585 1527
1586 1528
1587 1529
1588 1530
1589 1531
1590 1532
1591 1533
1592 1534
1593 1535
1594 1536
1595 1537
1596 1538
1597 1539
1598 1540
1599 1541
1600 1542
1601 1543
1602 1544
1603 1545
1604 1546
1605 1547
1606 1548
1607 1549
1608 1550
1609 1551
1610 1552
1611 1553
1612 1554
1613 1555
1614 1556
1615 1557
1616 1558
1617 1559
1618 1561
1619 1562
1620 1563
1621 1564
1622 1565
1623 1566
1624 1567
1625 1568
1626 1569
1627 1570
1628 1571
1629 1572
1630 1573
1631 1574
1632 1575
1633 1576
1634 1578
1635 1579
1636 1580
1637 1581
1638 1582
1639 1583
1640 1584
1641 1585
1642 1586
1643 1587
1644 1588
1645 1589
1646 1590
1647 1591
1648 1592
1649 1593
1650 1595
1651 1596
1652 1597
1653 1598
1654 1599
1655 1600
1656 1601
1657 1602
1658 1603
1659 1604
1660 1605
1661 1606
1662 1607
1663 1608
1664 1609
1665 1610
1666 1612
1667 1613
1668 1614
1669 1615
1670 1616
1671 1617
1672 1618
1673 1619
1674 1620
1675 1621
1676 1622
1677 1623
1678 1624
1679 1625
1680 1626
1681 1627
1682 1629
1683 1630
1684 1631
1685 1632
1686 1633
1687 1634
1688 1635
1689 1636
1690 1637
1691 1638
1692 1639
1693 1640
1694 1641
1695 1642
1696 1643
1697 1645
1698 1645
1699 1646
1700 1647
1701 1648
1702 1649
1703 1650
1704 1651
1705 1652
1706 1652
1707 1653
1708 1654
1709 1655
1710 1656
1711 1657
1712 1658
1713 1659
1714 1659
1715 1660
1716 1661
1717 1662
1718 1663
1719 1664
1720 1665
1721 1666
1722 1667
1723 1667
1724 1668
1725 1669
1726 1670
1727 1671
1728 1672
1729 1673
1730 1674
1731 1674
1732 1675
1733 1676
1734 1677
1735 1678
1736 1679
1737 1680
1738 1681
1739 1682
1740 1682
1741 1683
1742 1684
1743 1685
1744 1686
1745 1687
1746 1688
1747 1689
1748 1689
1749 1690
1750 1691
1751 1692
1752 1693
1753 1694
1754 1695
1755 1696
1756 1696
1757 1697
1758 1698
1759 1699
1760 1700
1761 1701
1762 1702
1763 1703
1764 1704
1765 1704
1766 1705
1767 1706
1768 1707
1769 1708
1770 1709
1771 1710
1772 1711
1773 1711
1774 1712
1775 1713
1776 1714
1777 1715
1778 1716
1779 1717
1780 1718
1781 1719
1782 1719
1783 1720
1784 1721
1785 1722
1786 1723
1787 1724
1788 1725
1789 1726
1790 1726
1791 1727
1792 1728
1793 1729
1794 1730
1795 1731
1796 1732
1797 1733
1798 1734
1799 1735
1800 1736
1801 1737
1802 1738
1803 1739
1804 1740
1805 1741
1806 1742
1807 1744
1808 1745
1809 1746
1810 1747
1811 1748
1812 1749
1813 1750
1814 1751
1815 1752
1816 1754
1817 1755
1818 1756
1819 1757
1820 1758
1821 1759
1822 1760
1823 1761
1824 1762
1825 1764
1826 1765
1827 1766
1828 1767
1829 1768
1830 1769
1831 1770
1832 1771
1833 1772
1834 1774
1835 1775
1836 1776
1837 1777
1838 1778
1839 1779
1840 1780
1841 1781
1842 1782
1843 1784
1844 1785
1845 1786
1846 1787
1847 1788
1848 1789
1849 1790
1850 1791
1851 1792
1852 1794
1853 1795
1854 1796
1855 1797
1856 1798
1857 1799
1858 1800
1859 1801
1860 1802
1861 1804
1862 1805
1863 1806
1864 1807
1865 1808
1866 1809
1867 1810
1868 1811
1869 1812
1870 1814
1871 1815
1872 1816
1873 1817
1874 1818
1875 1819
1876 1820
1877 1821
1878 1822
1879 1824
1880 1825
1881 1826
1882 1827
1883 1828
1884 1829
1885 1830
1886 1831
1887 1833
1888 1834
1889 1835
1890 1836
1891 1837
1892 1838
1893 1839
1894 1840
1895 1841
1896 1842
1897 1843
1898 1844
1899 1845
1900 1846
1901 1847
1902 1848
1903 1849
1904 1850
1905 1851
1906 1852
1907 1853
1908 1854
1909 1856
1910 1857
1911 1858
1912 1859
1913 1860
1914 1861
1915 1862
1916 1863
1917 1864
1918 1865
1919 1866
1920 1867
1921 1868
1922 1869
1923 1870
1924 1871
1925 1872
1926 1873
1927 1874
1928 1875
1929 1876
1930 1877
1931 1879
1932 1880
1933 1881
1934 1882
1935 1883
1936 1884
1937 1885
1938 1886
1939 1887
1940 1888
1941 1889
1942 1890
1943 1891
1944 1892
1945 1893
1946 1894
1947 1895
1948 1896
1949 1897
1950 1898
1951 1899
1952 1900
1953 1902
1954 1903
1955 1904
1956 1906
1957 1907
1958 1908
1959 1910
1960 1911
1961 1912
1962 1914
1963 1915
1964 1916
1965 1918
1966 1919
1967 1920
1968 1922
1969 1923
1970 1924
1971 1926
1972 1927
1973 1928
1974 1930
1975 1931
1976 1932
1977 1934
1978 1935
1979 1936
1980 1938
1981 1939
1982 1940
1983 1942
1984 1943
1985 1944
1986 1946
1987 1947
1988 1948
1989 1950
1990 1951
1991 1952
1992 1954
1993 1955
1994 1956
1995 1958
1996 1959
1997 1960
1998 1962
1999 1963
2000 1964
2001 1966
2002 1967
2003 1968
2004 1970
2005 1971
2006 1972
2007 1974
2008 1975
2009 1976
2010 1978
2011 1979
2012 1980
2013 1982
2014 1983
2015 1984
2016 1986
2017 1987
2018 1988
2019 1990
2020 1991
2021 1992
2022 1994
2023 1995
2024 1996
2025 1998
2026 1999
2027 2000
2028 2002
2029 2003
2030 2004
2031 2006
2032 2007
2033 2008
2034 2010
2035 2011
2036 2012
2037 2014
2038 2014
2039 2015
2040 2016
2041 2017
2042 2017
2043 2018
2044 2019
2045 2020
2046 2020
2047 2021
2048 2022
2049 2023
2050 2023
2051 2024
2052 2025
2053 2026
2054 2026
2055 2027
2056 2028
2057 2029
2058 2029
2059 2030
2060 2031
2061 2032
2062 2033
2063 2033
2064 2034
2065 2035
2066 2036
2067 2036
2068 2037
2069 2038
2070 2039
2071 2039
2072 2040
2073 2041
2074 2042
2075 2042
2076 2043
2077 2044
2078 2045
2079 2045
2080 2046
2081 2047
2082 2048
2083 2049
2084 2049
2085 2050
2086 2051
2087 2052
2088 2052
2089 2053
2090 2054
2091 2055
2092 2055
2093 2056
2094 2057
2095 2058
2096 2058
2097 2059
2098 2060
2099 2061
2100 2061
2101 2062
2102 2063
2103 2064
2104 2064
2105 2065
2106 2066
2107 2067
2108 2068
2109 2068
2110 2069
2111 2070
2112 2071
2113 2071
2114 2072
2115 2073
2116 2074
2117 2074
2118 2075
2119 2076
2120 2077
2121 2077
2122 2078
2123 2079
2124 2080
2125 2080
2126 2081
2127 2082
2128 2083
2129 2084
2130 2085
2131 2086
2132 2088
2133 2089
2134 2090
2135 2092
2136 2093
2137 2094
2138 2096
2139 2097
2140 2098
2141 2100
2142 2101
2143 2103
2144 2104
2145 2105
2146 2107
2147 2108
2148 2109
2149 2111
2150 2112
2151 2113
2152 2115
2153 2116
2154 2117
2155 2119
2156 2120
2157 2122
2158 2123
2159 2124
2160 2126
2161 2127
2162 2128
2163 2130
2164 2131
2165 2132
2166 2134
2167 2135
2168 2136
2169 2138
2170 2139
2171 2141
2172 2142
2173 2143
2174 2144
2175 2145
2176 2146
2177 2147
2178 2148
2179 2149
2180 2150
2181 2152
2182 2153
2183 2154
2184 2155
2185 2156
2186 2157
2187 2158
2188 2159
2189 2160
2190 2162
2191 2163
2192 2164
2193 2165
2194 2166
2195 2167
2196 2168
2197 2169
2198 2170
