0.0 0.0
1.0 0.0166666666667
2.0 0.0333333333333
3.0 0.05
4.0 0.0666666666667
5.0 0.0833333333333
6.0 0.1
7.0 0.116666666667
8.0 0.133333333333
9.0 0.15
10.0 0.166666666667
11.0 0.183333333333
12.0 0.2
13.0 0.216666666667
14.0 0.233333333333
15.0 0.25
16.0 0.266666666667
17.0 0.283333333333
18.0 0.3
19.0 0.316666666667
20.0 0.333333333333
21.0 0.35
22.0 0.366666666667
23.0 0.383333333333
24.0 0.4
25.0 0.416666666667
26.0 0.433333333333
27.0 0.45
28.0 0.466666666667
29.0 0.483333333333
30.0 0.5
31.0 0.516666666667
32.0 0.533333333333
33.0 0.55
34.0 0.566666666667
35.0 0.583333333333
36.0 0.6
37.0 0.616666666667
38.0 0.633333333333
39.0 0.65
40.0 0.666666666667
41.0 0.683333333333
42.0 0.7
43.0 0.716666666667
44.0 0.733333333333
45.0 0.75
46.0 0.766666666667
47.0 0.783333333333
48.0 0.8
49.0 0.816666666667
50.0 0.833333333333
51.0 0.85
52.0 0.866666666667
53.0 0.883333333333
54.0 0.9
55.0 0.916666666667
56.0 0.933333333333
57.0 0.95
58.0 0.966666666667
59.0 0.983333333333
60.0 1.0
61.0 1.0243902439
62.0 1.0487804878
63.0 1.07317073171
64.0 1.09756097561
65.0 1.12195121951
66.0 1.14634146341
67.0 1.17073170732
68.0 1.19512195122
69.0 1.21951219512
70.0 1.24390243902
71.0 1.26829268293
72.0 1.29268292683
73.0 1.31707317073
74.0 1.34146341463
75.0 1.36585365854
76.0 1.39024390244
77.0 1.41463414634
78.0 1.43902439024
79.0 1.46341463415
80.0 1.48780487805
81.0 1.51219512195
82.0 1.53658536585
83.0 1.56097560976
84.0 1.58536585366
85.0 1.60975609756
86.0 1.63414634146
87.0 1.65853658537
88.0 1.68292682927
89.0 1.70731707317
90.0 1.73170731707
91.0 1.75609756098
92.0 1.78048780488
93.0 1.80487804878
94.0 1.82926829268
95.0 1.85365853659
96.0 1.87804878049
97.0 1.90243902439
98.0 1.92682926829
99.0 1.9512195122
100.0 1.9756097561
101.0 2.0
102.0 2.03225806452
103.0 2.06451612903
104.0 2.09677419355
105.0 2.12903225806
106.0 2.16129032258
107.0 2.1935483871
108.0 2.22580645161
109.0 2.25806451613
110.0 2.29032258065
111.0 2.32258064516
112.0 2.35483870968
113.0 2.38709677419
114.0 2.41935483871
115.0 2.45161290323
116.0 2.48387096774
117.0 2.51612903226
118.0 2.54838709677
119.0 2.58064516129
120.0 2.61290322581
121.0 2.64516129032
122.0 2.67741935484
123.0 2.70967741935
124.0 2.74193548387
125.0 2.77419354839
126.0 2.8064516129
127.0 2.83870967742
128.0 2.87096774194
129.0 2.90322580645
130.0 2.93548387097
131.0 2.96774193548
132.0 3.0
133.0 3.004
134.0 3.008
135.0 3.012
136.0 3.016
137.0 3.02
138.0 3.024
139.0 3.028
140.0 3.032
141.0 3.036
142.0 3.04
143.0 3.044
144.0 3.048
145.0 3.052
146.0 3.056
147.0 3.06
148.0 3.064
149.0 3.068
150.0 3.072
151.0 3.076
152.0 3.08
153.0 3.084
154.0 3.088
155.0 3.092
156.0 3.096
157.0 3.1
158.0 3.104
159.0 3.108
160.0 3.112
161.0 3.116
162.0 3.12
163.0 3.124
164.0 3.128
165.0 3.132
166.0 3.136
167.0 3.14
168.0 3.144
169.0 3.148
170.0 3.152
171.0 3.156
172.0 3.16
173.0 3.164
174.0 3.168
175.0 3.172
176.0 3.176
177.0 3.18
178.0 3.184
179.0 3.188
180.0 3.192
181.0 3.196
182.0 3.2
183.0 3.204
184.0 3.208
185.0 3.212
186.0 3.216
187.0 3.22
188.0 3.224
189.0 3.228
190.0 3.232
191.0 3.236
192.0 3.24
193.0 3.244
194.0 3.248
195.0 3.252
196.0 3.256
197.0 3.26
198.0 3.264
199.0 3.268
200.0 3.272
201.0 3.276
202.0 3.28
203.0 3.284
204.0 3.288
205.0 3.292
206.0 3.296
207.0 3.3
208.0 3.304
209.0 3.308
210.0 3.312
211.0 3.316
212.0 3.32
213.0 3.324
214.0 3.328
215.0 3.332
216.0 3.336
217.0 3.34
218.0 3.344
219.0 3.348
220.0 3.352
221.0 3.356
222.0 3.36
223.0 3.364
224.0 3.368
225.0 3.372
226.0 3.376
227.0 3.38
228.0 3.384
229.0 3.388
230.0 3.392
231.0 3.396
232.0 3.4
233.0 3.404
234.0 3.408
235.0 3.412
236.0 3.416
237.0 3.42
238.0 3.424
239.0 3.428
240.0 3.432
241.0 3.436
242.0 3.44
243.0 3.444
244.0 3.448
245.0 3.452
246.0 3.456
247.0 3.46
248.0 3.464
249.0 3.468
250.0 3.472
251.0 3.476
252.0 3.48
253.0 3.484
254.0 3.488
255.0 3.492
256.0 3.496
257.0 3.5
258.0 3.504
259.0 3.508
260.0 3.512
261.0 3.516
262.0 3.52
263.0 3.524
264.0 3.528
265.0 3.532
266.0 3.536
267.0 3.54
268.0 3.544
269.0 3.548
270.0 3.552
271.0 3.556
272.0 3.56
273.0 3.564
274.0 3.568
275.0 3.572
276.0 3.576
277.0 3.58
278.0 3.584
279.0 3.588
280.0 3.592
281.0 3.596
282.0 3.6
283.0 3.604
284.0 3.608
285.0 3.612
286.0 3.616
287.0 3.62
288.0 3.624
289.0 3.628
290.0 3.632
291.0 3.636
292.0 3.64
293.0 3.644
294.0 3.648
295.0 3.652
296.0 3.656
297.0 3.66
298.0 3.664
299.0 3.668
300.0 3.672
301.0 3.676
302.0 3.68
303.0 3.684
304.0 3.688
305.0 3.692
306.0 3.696
307.0 3.7
308.0 3.704
309.0 3.708
310.0 3.712
311.0 3.716
312.0 3.72
313.0 3.724
314.0 3.728
315.0 3.732
316.0 3.736
317.0 3.74
318.0 3.744
319.0 3.748
320.0 3.752
321.0 3.756
322.0 3.76
323.0 3.764
324.0 3.768
325.0 3.772
326.0 3.776
327.0 3.78
328.0 3.784
329.0 3.788
330.0 3.792
331.0 3.796
332.0 3.8
333.0 3.804
334.0 3.808
335.0 3.812
336.0 3.816
337.0 3.82
338.0 3.824
339.0 3.828
340.0 3.832
341.0 3.836
342.0 3.84
343.0 3.844
344.0 3.848
345.0 3.852
346.0 3.856
347.0 3.86
348.0 3.864
349.0 3.868
350.0 3.872
351.0 3.876
352.0 3.88
353.0 3.884
354.0 3.888
355.0 3.892
356.0 3.896
357.0 3.9
358.0 3.904
359.0 3.908
360.0 3.912
361.0 3.916
362.0 3.92
363.0 3.924
364.0 3.928
365.0 3.932
366.0 3.936
367.0 3.94
368.0 3.944
369.0 3.948
370.0 3.952
371.0 3.956
372.0 3.96
373.0 3.964
374.0 3.968
375.0 3.972
376.0 3.976
377.0 3.98
378.0 3.984
379.0 3.988
380.0 3.992
381.0 3.996
382.0 4.0
383.0 4.0035971223
384.0 4.0071942446
385.0 4.01079136691
386.0 4.01438848921
387.0 4.01798561151
388.0 4.02158273381
389.0 4.02517985612
390.0 4.02877697842
391.0 4.03237410072
392.0 4.03597122302
393.0 4.03956834532
394.0 4.04316546763
395.0 4.04676258993
396.0 4.05035971223
397.0 4.05395683453
398.0 4.05755395683
399.0 4.06115107914
400.0 4.06474820144
401.0 4.06834532374
402.0 4.07194244604
403.0 4.07553956835
404.0 4.07913669065
405.0 4.08273381295
406.0 4.08633093525
407.0 4.08992805755
408.0 4.09352517986
409.0 4.09712230216
410.0 4.10071942446
411.0 4.10431654676
412.0 4.10791366906
413.0 4.11151079137
414.0 4.11510791367
415.0 4.11870503597
416.0 4.12230215827
417.0 4.12589928058
418.0 4.12949640288
419.0 4.13309352518
420.0 4.13669064748
421.0 4.14028776978
422.0 4.14388489209
423.0 4.14748201439
424.0 4.15107913669
425.0 4.15467625899
426.0 4.15827338129
427.0 4.1618705036
428.0 4.1654676259
429.0 4.1690647482
430.0 4.1726618705
431.0 4.17625899281
432.0 4.17985611511
433.0 4.18345323741
434.0 4.18705035971
435.0 4.19064748201
436.0 4.19424460432
437.0 4.19784172662
438.0 4.20143884892
439.0 4.20503597122
440.0 4.20863309353
441.0 4.21223021583
442.0 4.21582733813
443.0 4.21942446043
444.0 4.22302158273
445.0 4.22661870504
446.0 4.23021582734
447.0 4.23381294964
448.0 4.23741007194
449.0 4.24100719424
450.0 4.24460431655
451.0 4.24820143885
452.0 4.25179856115
453.0 4.25539568345
454.0 4.25899280576
455.0 4.26258992806
456.0 4.26618705036
457.0 4.26978417266
458.0 4.27338129496
459.0 4.27697841727
460.0 4.28057553957
461.0 4.28417266187
462.0 4.28776978417
463.0 4.29136690647
464.0 4.29496402878
465.0 4.29856115108
466.0 4.30215827338
467.0 4.30575539568
468.0 4.30935251799
469.0 4.31294964029
470.0 4.31654676259
471.0 4.32014388489
472.0 4.32374100719
473.0 4.3273381295
474.0 4.3309352518
475.0 4.3345323741
476.0 4.3381294964
477.0 4.34172661871
478.0 4.34532374101
479.0 4.34892086331
480.0 4.35251798561
481.0 4.35611510791
482.0 4.35971223022
483.0 4.36330935252
484.0 4.36690647482
485.0 4.37050359712
486.0 4.37410071942
487.0 4.37769784173
488.0 4.38129496403
489.0 4.38489208633
490.0 4.38848920863
491.0 4.39208633094
492.0 4.39568345324
493.0 4.39928057554
494.0 4.40287769784
495.0 4.40647482014
496.0 4.41007194245
497.0 4.41366906475
498.0 4.41726618705
499.0 4.42086330935
500.0 4.42446043165
501.0 4.42805755396
502.0 4.43165467626
503.0 4.43525179856
504.0 4.43884892086
505.0 4.44244604317
506.0 4.44604316547
507.0 4.44964028777
508.0 4.45323741007
509.0 4.45683453237
510.0 4.46043165468
511.0 4.46402877698
512.0 4.46762589928
513.0 4.47122302158
514.0 4.47482014388
515.0 4.47841726619
516.0 4.48201438849
517.0 4.48561151079
518.0 4.48920863309
519.0 4.4928057554
520.0 4.4964028777
521.0 4.5
522.0 4.5035971223
523.0 4.5071942446
524.0 4.51079136691
525.0 4.51438848921
526.0 4.51798561151
527.0 4.52158273381
528.0 4.52517985612
529.0 4.52877697842
530.0 4.53237410072
531.0 4.53597122302
532.0 4.53956834532
533.0 4.54316546763
534.0 4.54676258993
535.0 4.55035971223
536.0 4.55395683453
537.0 4.55755395683
538.0 4.56115107914
539.0 4.56474820144
540.0 4.56834532374
541.0 4.57194244604
542.0 4.57553956835
543.0 4.57913669065
544.0 4.58273381295
545.0 4.58633093525
546.0 4.58992805755
547.0 4.59352517986
548.0 4.59712230216
549.0 4.60071942446
550.0 4.60431654676
551.0 4.60791366906
552.0 4.61151079137
553.0 4.61510791367
554.0 4.61870503597
555.0 4.62230215827
556.0 4.62589928058
557.0 4.62949640288
558.0 4.63309352518
559.0 4.63669064748
560.0 4.64028776978
561.0 4.64388489209
562.0 4.64748201439
563.0 4.65107913669
564.0 4.65467625899
565.0 4.65827338129
566.0 4.6618705036
567.0 4.6654676259
568.0 4.6690647482
569.0 4.6726618705
570.0 4.67625899281
571.0 4.67985611511
572.0 4.68345323741
573.0 4.68705035971
574.0 4.69064748201
575.0 4.69424460432
576.0 4.69784172662
577.0 4.70143884892
578.0 4.70503597122
579.0 4.70863309353
580.0 4.71223021583
581.0 4.71582733813
582.0 4.71942446043
583.0 4.72302158273
584.0 4.72661870504
585.0 4.73021582734
586.0 4.73381294964
587.0 4.73741007194
588.0 4.74100719424
589.0 4.74460431655
590.0 4.74820143885
591.0 4.75179856115
592.0 4.75539568345
593.0 4.75899280576
594.0 4.76258992806
595.0 4.76618705036
596.0 4.76978417266
597.0 4.77338129496
598.0 4.77697841727
599.0 4.78057553957
600.0 4.78417266187
601.0 4.78776978417
602.0 4.79136690647
603.0 4.79496402878
604.0 4.79856115108
605.0 4.80215827338
606.0 4.80575539568
607.0 4.80935251799
608.0 4.81294964029
609.0 4.81654676259
610.0 4.82014388489
611.0 4.82374100719
612.0 4.8273381295
613.0 4.8309352518
614.0 4.8345323741
615.0 4.8381294964
616.0 4.84172661871
617.0 4.84532374101
618.0 4.84892086331
619.0 4.85251798561
620.0 4.85611510791
621.0 4.85971223022
622.0 4.86330935252
623.0 4.86690647482
624.0 4.87050359712
625.0 4.87410071942
626.0 4.87769784173
627.0 4.88129496403
628.0 4.88489208633
629.0 4.88848920863
630.0 4.89208633094
631.0 4.89568345324
632.0 4.89928057554
633.0 4.90287769784
634.0 4.90647482014
635.0 4.91007194245
636.0 4.91366906475
637.0 4.91726618705
638.0 4.92086330935
639.0 4.92446043165
640.0 4.92805755396
641.0 4.93165467626
642.0 4.93525179856
643.0 4.93884892086
644.0 4.94244604317
645.0 4.94604316547
646.0 4.94964028777
647.0 4.95323741007
648.0 4.95683453237
649.0 4.96043165468
650.0 4.96402877698
651.0 4.96762589928
652.0 4.97122302158
653.0 4.97482014388
654.0 4.97841726619
655.0 4.98201438849
656.0 4.98561151079
657.0 4.98920863309
658.0 4.9928057554
659.0 4.9964028777
660.0 5.0
661.0 5.01176470588
662.0 5.02352941176
663.0 5.03529411765
664.0 5.04705882353
665.0 5.05882352941
666.0 5.07058823529
667.0 5.08235294118
668.0 5.09411764706
669.0 5.10588235294
670.0 5.11764705882
671.0 5.12941176471
672.0 5.14117647059
673.0 5.15294117647
674.0 5.16470588235
675.0 5.17647058824
676.0 5.18823529412
677.0 5.2
678.0 5.21176470588
679.0 5.22352941176
680.0 5.23529411765
681.0 5.24705882353
682.0 5.25882352941
683.0 5.27058823529
684.0 5.28235294118
685.0 5.29411764706
686.0 5.30588235294
687.0 5.31764705882
688.0 5.32941176471
689.0 5.34117647059
690.0 5.35294117647
691.0 5.36470588235
692.0 5.37647058824
693.0 5.38823529412
694.0 5.4
695.0 5.41176470588
696.0 5.42352941176
697.0 5.43529411765
698.0 5.44705882353
699.0 5.45882352941
700.0 5.47058823529
701.0 5.48235294118
702.0 5.49411764706
703.0 5.50588235294
704.0 5.51764705882
705.0 5.52941176471
706.0 5.54117647059
707.0 5.55294117647
708.0 5.56470588235
709.0 5.57647058824
710.0 5.58823529412
711.0 5.6
712.0 5.61176470588
713.0 5.62352941176
714.0 5.63529411765
715.0 5.64705882353
716.0 5.65882352941
717.0 5.67058823529
718.0 5.68235294118
719.0 5.69411764706
720.0 5.70588235294
721.0 5.71764705882
722.0 5.72941176471
723.0 5.74117647059
724.0 5.75294117647
725.0 5.76470588235
726.0 5.77647058824
727.0 5.78823529412
728.0 5.8
729.0 5.81176470588
730.0 5.82352941176
731.0 5.83529411765
732.0 5.84705882353
733.0 5.85882352941
734.0 5.87058823529
735.0 5.88235294118
736.0 5.89411764706
737.0 5.90588235294
738.0 5.91764705882
739.0 5.92941176471
740.0 5.94117647059
741.0 5.95294117647
742.0 5.96470588235
743.0 5.97647058824
744.0 5.98823529412
745.0 6.0
746.0 6.01234567901
747.0 6.02469135802
748.0 6.03703703704
749.0 6.04938271605
750.0 6.06172839506
751.0 6.07407407407
752.0 6.08641975309
753.0 6.0987654321
754.0 6.11111111111
755.0 6.12345679012
756.0 6.13580246914
757.0 6.14814814815
758.0 6.16049382716
759.0 6.17283950617
760.0 6.18518518519
761.0 6.1975308642
762.0 6.20987654321
763.0 6.22222222222
764.0 6.23456790123
765.0 6.24691358025
766.0 6.25925925926
767.0 6.27160493827
768.0 6.28395061728
769.0 6.2962962963
770.0 6.30864197531
771.0 6.32098765432
772.0 6.33333333333
773.0 6.34567901235
774.0 6.35802469136
775.0 6.37037037037
776.0 6.38271604938
777.0 6.3950617284
778.0 6.40740740741
779.0 6.41975308642
780.0 6.43209876543
781.0 6.44444444444
782.0 6.45679012346
783.0 6.46913580247
784.0 6.48148148148
785.0 6.49382716049
786.0 6.50617283951
787.0 6.51851851852
788.0 6.53086419753
789.0 6.54320987654
790.0 6.55555555556
791.0 6.56790123457
792.0 6.58024691358
793.0 6.59259259259
794.0 6.6049382716
795.0 6.61728395062
796.0 6.62962962963
797.0 6.64197530864
798.0 6.65432098765
799.0 6.66666666667
800.0 6.67901234568
801.0 6.69135802469
802.0 6.7037037037
803.0 6.71604938272
804.0 6.72839506173
805.0 6.74074074074
806.0 6.75308641975
807.0 6.76543209877
808.0 6.77777777778
809.0 6.79012345679
810.0 6.8024691358
811.0 6.81481481481
812.0 6.82716049383
813.0 6.83950617284
814.0 6.85185185185
815.0 6.86419753086
816.0 6.87654320988
817.0 6.88888888889
818.0 6.9012345679
819.0 6.91358024691
820.0 6.92592592593
821.0 6.93827160494
822.0 6.95061728395
823.0 6.96296296296
824.0 6.97530864198
825.0 6.98765432099
826.0 7.0
827.0 7.01492537313
828.0 7.02985074627
829.0 7.0447761194
830.0 7.05970149254
831.0 7.07462686567
832.0 7.08955223881
833.0 7.10447761194
834.0 7.11940298507
835.0 7.13432835821
836.0 7.14925373134
837.0 7.16417910448
838.0 7.17910447761
839.0 7.19402985075
840.0 7.20895522388
841.0 7.22388059701
842.0 7.23880597015
843.0 7.25373134328
844.0 7.26865671642
845.0 7.28358208955
846.0 7.29850746269
847.0 7.31343283582
848.0 7.32835820896
849.0 7.34328358209
850.0 7.35820895522
851.0 7.37313432836
852.0 7.38805970149
853.0 7.40298507463
854.0 7.41791044776
855.0 7.4328358209
856.0 7.44776119403
857.0 7.46268656716
858.0 7.4776119403
859.0 7.49253731343
860.0 7.50746268657
861.0 7.5223880597
862.0 7.53731343284
863.0 7.55223880597
864.0 7.5671641791
865.0 7.58208955224
866.0 7.59701492537
867.0 7.61194029851
868.0 7.62686567164
869.0 7.64179104478
870.0 7.65671641791
871.0 7.67164179104
872.0 7.68656716418
873.0 7.70149253731
874.0 7.71641791045
875.0 7.73134328358
876.0 7.74626865672
877.0 7.76119402985
878.0 7.77611940299
879.0 7.79104477612
880.0 7.80597014925
881.0 7.82089552239
882.0 7.83582089552
883.0 7.85074626866
884.0 7.86567164179
885.0 7.88059701493
886.0 7.89552238806
887.0 7.91044776119
888.0 7.92537313433
889.0 7.94029850746
890.0 7.9552238806
891.0 7.97014925373
892.0 7.98507462687
