0.0 0.0
1.0 0.00485436893204
2.0 0.00970873786408
3.0 0.0145631067961
4.0 0.0194174757282
5.0 0.0242718446602
6.0 0.0291262135922
7.0 0.0339805825243
8.0 0.0388349514563
9.0 0.0436893203883
10.0 0.0485436893204
11.0 0.0533980582524
12.0 0.0582524271845
13.0 0.0631067961165
14.0 0.0679611650485
15.0 0.0728155339806
16.0 0.0776699029126
17.0 0.0825242718447
18.0 0.0873786407767
19.0 0.0922330097087
20.0 0.0970873786408
21.0 0.101941747573
22.0 0.106796116505
23.0 0.111650485437
24.0 0.116504854369
25.0 0.121359223301
26.0 0.126213592233
27.0 0.131067961165
28.0 0.135922330097
29.0 0.140776699029
30.0 0.145631067961
31.0 0.150485436893
32.0 0.155339805825
33.0 0.160194174757
34.0 0.165048543689
35.0 0.169902912621
36.0 0.174757281553
37.0 0.179611650485
38.0 0.184466019417
39.0 0.18932038835
40.0 0.194174757282
41.0 0.199029126214
42.0 0.203883495146
43.0 0.208737864078
44.0 0.21359223301
45.0 0.218446601942
46.0 0.223300970874
47.0 0.228155339806
48.0 0.233009708738
49.0 0.23786407767
50.0 0.242718446602
51.0 0.247572815534
52.0 0.252427184466
53.0 0.257281553398
54.0 0.26213592233
55.0 0.266990291262
56.0 0.271844660194
57.0 0.276699029126
58.0 0.281553398058
59.0 0.28640776699
60.0 0.291262135922
61.0 0.296116504854
62.0 0.300970873786
63.0 0.305825242718
64.0 0.31067961165
65.0 0.315533980583
66.0 0.320388349515
67.0 0.325242718447
68.0 0.330097087379
69.0 0.334951456311
70.0 0.339805825243
71.0 0.344660194175
72.0 0.349514563107
73.0 0.354368932039
74.0 0.359223300971
75.0 0.364077669903
76.0 0.368932038835
77.0 0.373786407767
78.0 0.378640776699
79.0 0.383495145631
80.0 0.388349514563
81.0 0.393203883495
82.0 0.398058252427
83.0 0.402912621359
84.0 0.407766990291
85.0 0.412621359223
86.0 0.417475728155
87.0 0.422330097087
88.0 0.427184466019
89.0 0.432038834951
90.0 0.436893203883
91.0 0.441747572816
92.0 0.446601941748
93.0 0.45145631068
94.0 0.456310679612
95.0 0.461165048544
96.0 0.466019417476
97.0 0.470873786408
98.0 0.47572815534
99.0 0.480582524272
100.0 0.485436893204
101.0 0.490291262136
102.0 0.495145631068
103.0 0.5
104.0 0.504854368932
105.0 0.509708737864
106.0 0.514563106796
107.0 0.519417475728
108.0 0.52427184466
109.0 0.529126213592
110.0 0.533980582524
111.0 0.538834951456
112.0 0.543689320388
113.0 0.54854368932
114.0 0.553398058252
115.0 0.558252427184
116.0 0.563106796117
117.0 0.567961165049
118.0 0.572815533981
119.0 0.577669902913
120.0 0.582524271845
121.0 0.587378640777
122.0 0.592233009709
123.0 0.597087378641
124.0 0.601941747573
125.0 0.606796116505
126.0 0.611650485437
127.0 0.616504854369
128.0 0.621359223301
129.0 0.626213592233
130.0 0.631067961165
131.0 0.635922330097
132.0 0.640776699029
133.0 0.645631067961
134.0 0.650485436893
135.0 0.655339805825
136.0 0.660194174757
137.0 0.665048543689
138.0 0.669902912621
139.0 0.674757281553
140.0 0.679611650485
141.0 0.684466019417
142.0 0.68932038835
143.0 0.694174757282
144.0 0.699029126214
145.0 0.703883495146
146.0 0.708737864078
147.0 0.71359223301
148.0 0.718446601942
149.0 0.723300970874
150.0 0.728155339806
151.0 0.733009708738
152.0 0.73786407767
153.0 0.742718446602
154.0 0.747572815534
155.0 0.752427184466
156.0 0.757281553398
157.0 0.76213592233
158.0 0.766990291262
159.0 0.771844660194
160.0 0.776699029126
161.0 0.781553398058
162.0 0.78640776699
163.0 0.791262135922
164.0 0.796116504854
165.0 0.800970873786
166.0 0.805825242718
167.0 0.81067961165
168.0 0.815533980583
169.0 0.820388349515
170.0 0.825242718447
171.0 0.830097087379
172.0 0.834951456311
173.0 0.839805825243
174.0 0.844660194175
175.0 0.849514563107
176.0 0.854368932039
177.0 0.859223300971
178.0 0.864077669903
179.0 0.868932038835
180.0 0.873786407767
181.0 0.878640776699
182.0 0.883495145631
183.0 0.888349514563
184.0 0.893203883495
185.0 0.898058252427
186.0 0.902912621359
187.0 0.907766990291
188.0 0.912621359223
189.0 0.917475728155
190.0 0.922330097087
191.0 0.927184466019
192.0 0.932038834951
193.0 0.936893203883
194.0 0.941747572816
195.0 0.946601941748
196.0 0.95145631068
197.0 0.956310679612
198.0 0.961165048544
199.0 0.966019417476
200.0 0.970873786408
201.0 0.97572815534
202.0 0.980582524272
203.0 0.985436893204
204.0 0.990291262136
205.0 0.995145631068
206.0 1.0
207.0 1.00387596899
208.0 1.00775193798
209.0 1.01162790698
210.0 1.01550387597
211.0 1.01937984496
212.0 1.02325581395
213.0 1.02713178295
214.0 1.03100775194
215.0 1.03488372093
216.0 1.03875968992
217.0 1.04263565891
218.0 1.04651162791
219.0 1.0503875969
220.0 1.05426356589
221.0 1.05813953488
222.0 1.06201550388
223.0 1.06589147287
224.0 1.06976744186
225.0 1.07364341085
226.0 1.07751937984
227.0 1.08139534884
228.0 1.08527131783
229.0 1.08914728682
230.0 1.09302325581
231.0 1.09689922481
232.0 1.1007751938
233.0 1.10465116279
234.0 1.10852713178
235.0 1.11240310078
236.0 1.11627906977
237.0 1.12015503876
238.0 1.12403100775
239.0 1.12790697674
240.0 1.13178294574
241.0 1.13565891473
242.0 1.13953488372
243.0 1.14341085271
244.0 1.14728682171
245.0 1.1511627907
246.0 1.15503875969
247.0 1.15891472868
248.0 1.16279069767
249.0 1.16666666667
250.0 1.17054263566
251.0 1.17441860465
252.0 1.17829457364
253.0 1.18217054264
254.0 1.18604651163
255.0 1.18992248062
256.0 1.19379844961
257.0 1.1976744186
258.0 1.2015503876
259.0 1.20542635659
260.0 1.20930232558
261.0 1.21317829457
262.0 1.21705426357
263.0 1.22093023256
264.0 1.22480620155
265.0 1.22868217054
266.0 1.23255813953
267.0 1.23643410853
268.0 1.24031007752
269.0 1.24418604651
270.0 1.2480620155
271.0 1.2519379845
272.0 1.25581395349
273.0 1.25968992248
274.0 1.26356589147
275.0 1.26744186047
276.0 1.27131782946
277.0 1.27519379845
278.0 1.27906976744
279.0 1.28294573643
280.0 1.28682170543
281.0 1.29069767442
282.0 1.29457364341
283.0 1.2984496124
284.0 1.3023255814
285.0 1.30620155039
286.0 1.31007751938
287.0 1.31395348837
288.0 1.31782945736
289.0 1.32170542636
290.0 1.32558139535
291.0 1.32945736434
292.0 1.33333333333
293.0 1.33720930233
294.0 1.34108527132
295.0 1.34496124031
296.0 1.3488372093
297.0 1.35271317829
298.0 1.35658914729
299.0 1.36046511628
300.0 1.36434108527
301.0 1.36821705426
302.0 1.37209302326
303.0 1.37596899225
304.0 1.37984496124
305.0 1.38372093023
306.0 1.38759689922
307.0 1.39147286822
308.0 1.39534883721
309.0 1.3992248062
310.0 1.40310077519
311.0 1.40697674419
312.0 1.41085271318
313.0 1.41472868217
314.0 1.41860465116
315.0 1.42248062016
316.0 1.42635658915
317.0 1.43023255814
318.0 1.43410852713
319.0 1.43798449612
320.0 1.44186046512
321.0 1.44573643411
322.0 1.4496124031
323.0 1.45348837209
324.0 1.45736434109
325.0 1.46124031008
326.0 1.46511627907
327.0 1.46899224806
328.0 1.47286821705
329.0 1.47674418605
330.0 1.48062015504
331.0 1.48449612403
332.0 1.48837209302
333.0 1.49224806202
334.0 1.49612403101
335.0 1.5
336.0 1.50387596899
337.0 1.50775193798
338.0 1.51162790698
339.0 1.51550387597
340.0 1.51937984496
341.0 1.52325581395
342.0 1.52713178295
343.0 1.53100775194
344.0 1.53488372093
345.0 1.53875968992
346.0 1.54263565891
347.0 1.54651162791
348.0 1.5503875969
349.0 1.55426356589
350.0 1.55813953488
351.0 1.56201550388
352.0 1.56589147287
353.0 1.56976744186
354.0 1.57364341085
355.0 1.57751937984
356.0 1.58139534884
357.0 1.58527131783
358.0 1.58914728682
359.0 1.59302325581
360.0 1.59689922481
361.0 1.6007751938
362.0 1.60465116279
363.0 1.60852713178
364.0 1.61240310078
365.0 1.61627906977
366.0 1.62015503876
367.0 1.62403100775
368.0 1.62790697674
369.0 1.63178294574
370.0 1.63565891473
371.0 1.63953488372
372.0 1.64341085271
373.0 1.64728682171
374.0 1.6511627907
375.0 1.65503875969
376.0 1.65891472868
377.0 1.66279069767
378.0 1.66666666667
379.0 1.67054263566
380.0 1.67441860465
381.0 1.67829457364
382.0 1.68217054264
383.0 1.68604651163
384.0 1.68992248062
385.0 1.69379844961
386.0 1.6976744186
387.0 1.7015503876
388.0 1.70542635659
389.0 1.70930232558
390.0 1.71317829457
391.0 1.71705426357
392.0 1.72093023256
393.0 1.72480620155
394.0 1.72868217054
395.0 1.73255813953
396.0 1.73643410853
397.0 1.74031007752
398.0 1.74418604651
399.0 1.7480620155
400.0 1.7519379845
401.0 1.75581395349
402.0 1.75968992248
403.0 1.76356589147
404.0 1.76744186047
405.0 1.77131782946
406.0 1.77519379845
407.0 1.77906976744
408.0 1.78294573643
409.0 1.78682170543
410.0 1.79069767442
411.0 1.79457364341
412.0 1.7984496124
413.0 1.8023255814
414.0 1.80620155039
415.0 1.81007751938
416.0 1.81395348837
417.0 1.81782945736
418.0 1.82170542636
419.0 1.82558139535
420.0 1.82945736434
421.0 1.83333333333
422.0 1.83720930233
423.0 1.84108527132
424.0 1.84496124031
425.0 1.8488372093
426.0 1.85271317829
427.0 1.85658914729
428.0 1.86046511628
429.0 1.86434108527
430.0 1.86821705426
431.0 1.87209302326
432.0 1.87596899225
433.0 1.87984496124
434.0 1.88372093023
435.0 1.88759689922
436.0 1.89147286822
437.0 1.89534883721
438.0 1.8992248062
439.0 1.90310077519
440.0 1.90697674419
441.0 1.91085271318
442.0 1.91472868217
443.0 1.91860465116
444.0 1.92248062016
445.0 1.92635658915
446.0 1.93023255814
447.0 1.93410852713
448.0 1.93798449612
449.0 1.94186046512
450.0 1.94573643411
451.0 1.9496124031
452.0 1.95348837209
453.0 1.95736434109
454.0 1.96124031008
455.0 1.96511627907
456.0 1.96899224806
457.0 1.97286821705
458.0 1.97674418605
459.0 1.98062015504
460.0 1.98449612403
461.0 1.98837209302
462.0 1.99224806202
463.0 1.99612403101
464.0 2.0
465.0 2.00420168067
466.0 2.00840336134
467.0 2.01260504202
468.0 2.01680672269
469.0 2.02100840336
470.0 2.02521008403
471.0 2.02941176471
472.0 2.03361344538
473.0 2.03781512605
474.0 2.04201680672
475.0 2.04621848739
476.0 2.05042016807
477.0 2.05462184874
478.0 2.05882352941
479.0 2.06302521008
480.0 2.06722689076
481.0 2.07142857143
482.0 2.0756302521
483.0 2.07983193277
484.0 2.08403361345
485.0 2.08823529412
486.0 2.09243697479
487.0 2.09663865546
488.0 2.10084033613
489.0 2.10504201681
490.0 2.10924369748
491.0 2.11344537815
492.0 2.11764705882
493.0 2.1218487395
494.0 2.12605042017
495.0 2.13025210084
496.0 2.13445378151
497.0 2.13865546218
498.0 2.14285714286
499.0 2.14705882353
500.0 2.1512605042
501.0 2.15546218487
502.0 2.15966386555
503.0 2.16386554622
504.0 2.16806722689
505.0 2.17226890756
506.0 2.17647058824
507.0 2.18067226891
508.0 2.18487394958
509.0 2.18907563025
510.0 2.19327731092
511.0 2.1974789916
512.0 2.20168067227
513.0 2.20588235294
514.0 2.21008403361
515.0 2.21428571429
516.0 2.21848739496
517.0 2.22268907563
518.0 2.2268907563
519.0 2.23109243697
520.0 2.23529411765
521.0 2.23949579832
522.0 2.24369747899
523.0 2.24789915966
524.0 2.25210084034
525.0 2.25630252101
526.0 2.26050420168
527.0 2.26470588235
528.0 2.26890756303
529.0 2.2731092437
530.0 2.27731092437
531.0 2.28151260504
532.0 2.28571428571
533.0 2.28991596639
534.0 2.29411764706
535.0 2.29831932773
536.0 2.3025210084
537.0 2.30672268908
538.0 2.31092436975
539.0 2.31512605042
540.0 2.31932773109
541.0 2.32352941176
542.0 2.32773109244
543.0 2.33193277311
544.0 2.33613445378
545.0 2.34033613445
546.0 2.34453781513
547.0 2.3487394958
548.0 2.35294117647
549.0 2.35714285714
550.0 2.36134453782
551.0 2.36554621849
552.0 2.36974789916
553.0 2.37394957983
554.0 2.3781512605
555.0 2.38235294118
556.0 2.38655462185
557.0 2.39075630252
558.0 2.39495798319
559.0 2.39915966387
560.0 2.40336134454
561.0 2.40756302521
562.0 2.41176470588
563.0 2.41596638655
564.0 2.42016806723
565.0 2.4243697479
566.0 2.42857142857
567.0 2.43277310924
568.0 2.43697478992
569.0 2.44117647059
570.0 2.44537815126
571.0 2.44957983193
572.0 2.45378151261
573.0 2.45798319328
574.0 2.46218487395
575.0 2.46638655462
576.0 2.47058823529
577.0 2.47478991597
578.0 2.47899159664
579.0 2.48319327731
580.0 2.48739495798
581.0 2.49159663866
582.0 2.49579831933
583.0 2.5
584.0 2.50420168067
585.0 2.50840336134
586.0 2.51260504202
587.0 2.51680672269
588.0 2.52100840336
589.0 2.52521008403
590.0 2.52941176471
591.0 2.53361344538
592.0 2.53781512605
593.0 2.54201680672
594.0 2.54621848739
595.0 2.55042016807
596.0 2.55462184874
597.0 2.55882352941
598.0 2.56302521008
599.0 2.56722689076
600.0 2.57142857143
601.0 2.5756302521
602.0 2.57983193277
603.0 2.58403361345
604.0 2.58823529412
605.0 2.59243697479
606.0 2.59663865546
607.0 2.60084033613
608.0 2.60504201681
609.0 2.60924369748
610.0 2.61344537815
611.0 2.61764705882
612.0 2.6218487395
613.0 2.62605042017
614.0 2.63025210084
615.0 2.63445378151
616.0 2.63865546218
617.0 2.64285714286
618.0 2.64705882353
619.0 2.6512605042
620.0 2.65546218487
621.0 2.65966386555
622.0 2.66386554622
623.0 2.66806722689
624.0 2.67226890756
625.0 2.67647058824
626.0 2.68067226891
627.0 2.68487394958
628.0 2.68907563025
629.0 2.69327731092
630.0 2.6974789916
631.0 2.70168067227
632.0 2.70588235294
633.0 2.71008403361
634.0 2.71428571429
635.0 2.71848739496
636.0 2.72268907563
637.0 2.7268907563
638.0 2.73109243697
639.0 2.73529411765
640.0 2.73949579832
641.0 2.74369747899
642.0 2.74789915966
643.0 2.75210084034
644.0 2.75630252101
645.0 2.76050420168
646.0 2.76470588235
647.0 2.76890756303
648.0 2.7731092437
649.0 2.77731092437
650.0 2.78151260504
651.0 2.78571428571
652.0 2.78991596639
653.0 2.79411764706
654.0 2.79831932773
655.0 2.8025210084
656.0 2.80672268908
657.0 2.81092436975
658.0 2.81512605042
659.0 2.81932773109
660.0 2.82352941176
661.0 2.82773109244
662.0 2.83193277311
663.0 2.83613445378
664.0 2.84033613445
665.0 2.84453781513
666.0 2.8487394958
667.0 2.85294117647
668.0 2.85714285714
669.0 2.86134453782
670.0 2.86554621849
671.0 2.86974789916
672.0 2.87394957983
673.0 2.8781512605
674.0 2.88235294118
675.0 2.88655462185
676.0 2.89075630252
677.0 2.89495798319
678.0 2.89915966387
679.0 2.90336134454
680.0 2.90756302521
681.0 2.91176470588
682.0 2.91596638655
683.0 2.92016806723
684.0 2.9243697479
685.0 2.92857142857
686.0 2.93277310924
687.0 2.93697478992
688.0 2.94117647059
689.0 2.94537815126
690.0 2.94957983193
691.0 2.95378151261
692.0 2.95798319328
693.0 2.96218487395
694.0 2.96638655462
695.0 2.97058823529
696.0 2.97478991597
697.0 2.97899159664
698.0 2.98319327731
699.0 2.98739495798
700.0 2.99159663866
701.0 2.99579831933
702.0 3.0
703.0 3.01123595506
704.0 3.02247191011
705.0 3.03370786517
706.0 3.04494382022
707.0 3.05617977528
708.0 3.06741573034
709.0 3.07865168539
710.0 3.08988764045
711.0 3.10112359551
712.0 3.11235955056
713.0 3.12359550562
714.0 3.13483146067
715.0 3.14606741573
716.0 3.15730337079
717.0 3.16853932584
718.0 3.1797752809
719.0 3.19101123596
720.0 3.20224719101
721.0 3.21348314607
722.0 3.22471910112
723.0 3.23595505618
724.0 3.24719101124
725.0 3.25842696629
726.0 3.26966292135
727.0 3.2808988764
728.0 3.29213483146
729.0 3.30337078652
730.0 3.31460674157
731.0 3.32584269663
732.0 3.33707865169
733.0 3.34831460674
734.0 3.3595505618
735.0 3.37078651685
736.0 3.38202247191
737.0 3.39325842697
738.0 3.40449438202
739.0 3.41573033708
740.0 3.42696629213
741.0 3.43820224719
742.0 3.44943820225
743.0 3.4606741573
744.0 3.47191011236
745.0 3.48314606742
746.0 3.49438202247
747.0 3.50561797753
748.0 3.51685393258
749.0 3.52808988764
750.0 3.5393258427
751.0 3.55056179775
752.0 3.56179775281
753.0 3.57303370787
754.0 3.58426966292
755.0 3.59550561798
756.0 3.60674157303
757.0 3.61797752809
758.0 3.62921348315
759.0 3.6404494382
760.0 3.65168539326
761.0 3.66292134831
762.0 3.67415730337
763.0 3.68539325843
764.0 3.69662921348
765.0 3.70786516854
766.0 3.7191011236
767.0 3.73033707865
768.0 3.74157303371
769.0 3.75280898876
770.0 3.76404494382
771.0 3.77528089888
772.0 3.78651685393
773.0 3.79775280899
774.0 3.80898876404
775.0 3.8202247191
776.0 3.83146067416
777.0 3.84269662921
778.0 3.85393258427
779.0 3.86516853933
780.0 3.87640449438
781.0 3.88764044944
782.0 3.89887640449
783.0 3.91011235955
784.0 3.92134831461
785.0 3.93258426966
786.0 3.94382022472
787.0 3.95505617978
788.0 3.96629213483
789.0 3.97752808989
790.0 3.98876404494
791.0 4.0
792.0 4.01612903226
793.0 4.03225806452
794.0 4.04838709677
795.0 4.06451612903
796.0 4.08064516129
797.0 4.09677419355
798.0 4.11290322581
799.0 4.12903225806
800.0 4.14516129032
801.0 4.16129032258
802.0 4.17741935484
803.0 4.1935483871
804.0 4.20967741935
805.0 4.22580645161
806.0 4.24193548387
807.0 4.25806451613
808.0 4.27419354839
809.0 4.29032258065
810.0 4.3064516129
811.0 4.32258064516
812.0 4.33870967742
813.0 4.35483870968
814.0 4.37096774194
815.0 4.38709677419
816.0 4.40322580645
817.0 4.41935483871
818.0 4.43548387097
819.0 4.45161290323
820.0 4.46774193548
821.0 4.48387096774
822.0 4.5
823.0 4.51612903226
824.0 4.53225806452
825.0 4.54838709677
826.0 4.56451612903
827.0 4.58064516129
828.0 4.59677419355
829.0 4.61290322581
830.0 4.62903225806
831.0 4.64516129032
832.0 4.66129032258
833.0 4.67741935484
834.0 4.6935483871
835.0 4.70967741935
836.0 4.72580645161
837.0 4.74193548387
838.0 4.75806451613
839.0 4.77419354839
840.0 4.79032258065
841.0 4.8064516129
842.0 4.82258064516
843.0 4.83870967742
844.0 4.85483870968
845.0 4.87096774194
846.0 4.88709677419
847.0 4.90322580645
848.0 4.91935483871
849.0 4.93548387097
850.0 4.95161290323
851.0 4.96774193548
852.0 4.98387096774
853.0 5.0
854.0 5.00485436893
855.0 5.00970873786
856.0 5.0145631068
857.0 5.01941747573
858.0 5.02427184466
859.0 5.02912621359
860.0 5.03398058252
861.0 5.03883495146
862.0 5.04368932039
863.0 5.04854368932
864.0 5.05339805825
865.0 5.05825242718
866.0 5.06310679612
867.0 5.06796116505
868.0 5.07281553398
869.0 5.07766990291
870.0 5.08252427184
871.0 5.08737864078
872.0 5.09223300971
873.0 5.09708737864
874.0 5.10194174757
875.0 5.1067961165
876.0 5.11165048544
877.0 5.11650485437
878.0 5.1213592233
879.0 5.12621359223
880.0 5.13106796117
881.0 5.1359223301
882.0 5.14077669903
883.0 5.14563106796
884.0 5.15048543689
885.0 5.15533980583
886.0 5.16019417476
887.0 5.16504854369
888.0 5.16990291262
889.0 5.17475728155
890.0 5.17961165049
891.0 5.18446601942
892.0 5.18932038835
893.0 5.19417475728
894.0 5.19902912621
895.0 5.20388349515
896.0 5.20873786408
897.0 5.21359223301
898.0 5.21844660194
899.0 5.22330097087
900.0 5.22815533981
901.0 5.23300970874
902.0 5.23786407767
903.0 5.2427184466
904.0 5.24757281553
905.0 5.25242718447
906.0 5.2572815534
907.0 5.26213592233
908.0 5.26699029126
909.0 5.27184466019
910.0 5.27669902913
911.0 5.28155339806
912.0 5.28640776699
913.0 5.29126213592
914.0 5.29611650485
915.0 5.30097087379
916.0 5.30582524272
917.0 5.31067961165
918.0 5.31553398058
919.0 5.32038834951
920.0 5.32524271845
921.0 5.33009708738
922.0 5.33495145631
923.0 5.33980582524
924.0 5.34466019417
925.0 5.34951456311
926.0 5.35436893204
927.0 5.35922330097
928.0 5.3640776699
929.0 5.36893203883
930.0 5.37378640777
931.0 5.3786407767
932.0 5.38349514563
933.0 5.38834951456
934.0 5.3932038835
935.0 5.39805825243
936.0 5.40291262136
937.0 5.40776699029
938.0 5.41262135922
939.0 5.41747572816
940.0 5.42233009709
941.0 5.42718446602
942.0 5.43203883495
943.0 5.43689320388
944.0 5.44174757282
945.0 5.44660194175
946.0 5.45145631068
947.0 5.45631067961
948.0 5.46116504854
949.0 5.46601941748
950.0 5.47087378641
951.0 5.47572815534
952.0 5.48058252427
953.0 5.4854368932
954.0 5.49029126214
955.0 5.49514563107
956.0 5.5
957.0 5.50485436893
958.0 5.50970873786
959.0 5.5145631068
960.0 5.51941747573
961.0 5.52427184466
962.0 5.52912621359
963.0 5.53398058252
964.0 5.53883495146
965.0 5.54368932039
966.0 5.54854368932
967.0 5.55339805825
968.0 5.55825242718
969.0 5.56310679612
970.0 5.56796116505
971.0 5.57281553398
972.0 5.57766990291
973.0 5.58252427184
974.0 5.58737864078
975.0 5.59223300971
976.0 5.59708737864
977.0 5.60194174757
978.0 5.6067961165
979.0 5.61165048544
980.0 5.61650485437
981.0 5.6213592233
982.0 5.62621359223
983.0 5.63106796117
984.0 5.6359223301
985.0 5.64077669903
986.0 5.64563106796
987.0 5.65048543689
988.0 5.65533980583
989.0 5.66019417476
990.0 5.66504854369
991.0 5.66990291262
992.0 5.67475728155
993.0 5.67961165049
994.0 5.68446601942
995.0 5.68932038835
996.0 5.69417475728
997.0 5.69902912621
998.0 5.70388349515
999.0 5.70873786408
1000.0 5.71359223301
1001.0 5.71844660194
1002.0 5.72330097087
1003.0 5.72815533981
1004.0 5.73300970874
1005.0 5.73786407767
1006.0 5.7427184466
1007.0 5.74757281553
1008.0 5.75242718447
1009.0 5.7572815534
1010.0 5.76213592233
1011.0 5.76699029126
1012.0 5.77184466019
1013.0 5.77669902913
1014.0 5.78155339806
1015.0 5.78640776699
1016.0 5.79126213592
1017.0 5.79611650485
1018.0 5.80097087379
1019.0 5.80582524272
1020.0 5.81067961165
1021.0 5.81553398058
1022.0 5.82038834951
1023.0 5.82524271845
1024.0 5.83009708738
1025.0 5.83495145631
1026.0 5.83980582524
1027.0 5.84466019417
1028.0 5.84951456311
1029.0 5.85436893204
1030.0 5.85922330097
1031.0 5.8640776699
1032.0 5.86893203883
1033.0 5.87378640777
1034.0 5.8786407767
1035.0 5.88349514563
1036.0 5.88834951456
1037.0 5.8932038835
1038.0 5.89805825243
1039.0 5.90291262136
1040.0 5.90776699029
1041.0 5.91262135922
1042.0 5.91747572816
1043.0 5.92233009709
1044.0 5.92718446602
1045.0 5.93203883495
1046.0 5.93689320388
1047.0 5.94174757282
1048.0 5.94660194175
1049.0 5.95145631068
1050.0 5.95631067961
1051.0 5.96116504854
1052.0 5.96601941748
1053.0 5.97087378641
1054.0 5.97572815534
1055.0 5.98058252427
1056.0 5.9854368932
1057.0 5.99029126214
1058.0 5.99514563107
1059.0 6.0
1060.0 6.00278551532
1061.0 6.00557103064
1062.0 6.00835654596
1063.0 6.01114206128
1064.0 6.0139275766
1065.0 6.01671309192
1066.0 6.01949860724
1067.0 6.02228412256
1068.0 6.02506963788
1069.0 6.0278551532
1070.0 6.03064066852
1071.0 6.03342618384
1072.0 6.03621169916
1073.0 6.03899721448
1074.0 6.04178272981
1075.0 6.04456824513
1076.0 6.04735376045
1077.0 6.05013927577
1078.0 6.05292479109
1079.0 6.05571030641
1080.0 6.05849582173
1081.0 6.06128133705
1082.0 6.06406685237
1083.0 6.06685236769
1084.0 6.06963788301
1085.0 6.07242339833
1086.0 6.07520891365
1087.0 6.07799442897
1088.0 6.08077994429
1089.0 6.08356545961
1090.0 6.08635097493
1091.0 6.08913649025
1092.0 6.09192200557
1093.0 6.09470752089
1094.0 6.09749303621
1095.0 6.10027855153
1096.0 6.10306406685
1097.0 6.10584958217
1098.0 6.10863509749
1099.0 6.11142061281
1100.0 6.11420612813
1101.0 6.11699164345
1102.0 6.11977715877
1103.0 6.12256267409
1104.0 6.12534818942
1105.0 6.12813370474
1106.0 6.13091922006
1107.0 6.13370473538
1108.0 6.1364902507
1109.0 6.13927576602
1110.0 6.14206128134
1111.0 6.14484679666
1112.0 6.14763231198
1113.0 6.1504178273
1114.0 6.15320334262
1115.0 6.15598885794
1116.0 6.15877437326
1117.0 6.16155988858
1118.0 6.1643454039
1119.0 6.16713091922
1120.0 6.16991643454
1121.0 6.17270194986
1122.0 6.17548746518
1123.0 6.1782729805
1124.0 6.18105849582
1125.0 6.18384401114
1126.0 6.18662952646
1127.0 6.18941504178
1128.0 6.1922005571
1129.0 6.19498607242
1130.0 6.19777158774
1131.0 6.20055710306
1132.0 6.20334261838
1133.0 6.2061281337
1134.0 6.20891364903
1135.0 6.21169916435
1136.0 6.21448467967
1137.0 6.21727019499
1138.0 6.22005571031
1139.0 6.22284122563
1140.0 6.22562674095
1141.0 6.22841225627
1142.0 6.23119777159
1143.0 6.23398328691
1144.0 6.23676880223
1145.0 6.23955431755
1146.0 6.24233983287
1147.0 6.24512534819
1148.0 6.24791086351
1149.0 6.25069637883
1150.0 6.25348189415
1151.0 6.25626740947
1152.0 6.25905292479
1153.0 6.26183844011
1154.0 6.26462395543
1155.0 6.26740947075
1156.0 6.27019498607
1157.0 6.27298050139
1158.0 6.27576601671
1159.0 6.27855153203
1160.0 6.28133704735
1161.0 6.28412256267
1162.0 6.28690807799
1163.0 6.28969359331
1164.0 6.29247910864
1165.0 6.29526462396
1166.0 6.29805013928
1167.0 6.3008356546
1168.0 6.30362116992
1169.0 6.30640668524
1170.0 6.30919220056
1171.0 6.31197771588
1172.0 6.3147632312
1173.0 6.31754874652
1174.0 6.32033426184
1175.0 6.32311977716
1176.0 6.32590529248
1177.0 6.3286908078
1178.0 6.33147632312
1179.0 6.33426183844
1180.0 6.33704735376
1181.0 6.33983286908
1182.0 6.3426183844
1183.0 6.34540389972
1184.0 6.34818941504
1185.0 6.35097493036
1186.0 6.35376044568
1187.0 6.356545961
1188.0 6.35933147632
1189.0 6.36211699164
1190.0 6.36490250696
1191.0 6.36768802228
1192.0 6.3704735376
1193.0 6.37325905292
1194.0 6.37604456825
1195.0 6.37883008357
1196.0 6.38161559889
1197.0 6.38440111421
1198.0 6.38718662953
1199.0 6.38997214485
1200.0 6.39275766017
1201.0 6.39554317549
1202.0 6.39832869081
1203.0 6.40111420613
1204.0 6.40389972145
1205.0 6.40668523677
1206.0 6.40947075209
1207.0 6.41225626741
1208.0 6.41504178273
1209.0 6.41782729805
1210.0 6.42061281337
1211.0 6.42339832869
1212.0 6.42618384401
1213.0 6.42896935933
1214.0 6.43175487465
1215.0 6.43454038997
1216.0 6.43732590529
1217.0 6.44011142061
1218.0 6.44289693593
1219.0 6.44568245125
1220.0 6.44846796657
1221.0 6.45125348189
1222.0 6.45403899721
1223.0 6.45682451253
1224.0 6.45961002786
1225.0 6.46239554318
1226.0 6.4651810585
1227.0 6.46796657382
1228.0 6.47075208914
1229.0 6.47353760446
1230.0 6.47632311978
1231.0 6.4791086351
1232.0 6.48189415042
1233.0 6.48467966574
1234.0 6.48746518106
1235.0 6.49025069638
1236.0 6.4930362117
1237.0 6.49582172702
1238.0 6.49860724234
1239.0 6.50139275766
1240.0 6.50417827298
1241.0 6.5069637883
1242.0 6.50974930362
1243.0 6.51253481894
1244.0 6.51532033426
1245.0 6.51810584958
1246.0 6.5208913649
1247.0 6.52367688022
1248.0 6.52646239554
1249.0 6.52924791086
1250.0 6.53203342618
1251.0 6.5348189415
1252.0 6.53760445682
1253.0 6.54038997214
1254.0 6.54317548747
1255.0 6.54596100279
1256.0 6.54874651811
1257.0 6.55153203343
1258.0 6.55431754875
1259.0 6.55710306407
1260.0 6.55988857939
1261.0 6.56267409471
1262.0 6.56545961003
1263.0 6.56824512535
1264.0 6.57103064067
1265.0 6.57381615599
1266.0 6.57660167131
1267.0 6.57938718663
1268.0 6.58217270195
1269.0 6.58495821727
1270.0 6.58774373259
1271.0 6.59052924791
1272.0 6.59331476323
1273.0 6.59610027855
1274.0 6.59888579387
1275.0 6.60167130919
1276.0 6.60445682451
1277.0 6.60724233983
1278.0 6.61002785515
1279.0 6.61281337047
1280.0 6.61559888579
1281.0 6.61838440111
1282.0 6.62116991643
1283.0 6.62395543175
1284.0 6.62674094708
1285.0 6.6295264624
1286.0 6.63231197772
1287.0 6.63509749304
1288.0 6.63788300836
1289.0 6.64066852368
1290.0 6.643454039
1291.0 6.64623955432
1292.0 6.64902506964
1293.0 6.65181058496
1294.0 6.65459610028
1295.0 6.6573816156
1296.0 6.66016713092
1297.0 6.66295264624
1298.0 6.66573816156
1299.0 6.66852367688
1300.0 6.6713091922
1301.0 6.67409470752
1302.0 6.67688022284
1303.0 6.67966573816
1304.0 6.68245125348
1305.0 6.6852367688
1306.0 6.68802228412
1307.0 6.69080779944
1308.0 6.69359331476
1309.0 6.69637883008
1310.0 6.6991643454
1311.0 6.70194986072
1312.0 6.70473537604
1313.0 6.70752089136
1314.0 6.71030640669
1315.0 6.71309192201
1316.0 6.71587743733
1317.0 6.71866295265
1318.0 6.72144846797
1319.0 6.72423398329
1320.0 6.72701949861
1321.0 6.72980501393
1322.0 6.73259052925
1323.0 6.73537604457
1324.0 6.73816155989
1325.0 6.74094707521
1326.0 6.74373259053
1327.0 6.74651810585
1328.0 6.74930362117
1329.0 6.75208913649
1330.0 6.75487465181
1331.0 6.75766016713
1332.0 6.76044568245
1333.0 6.76323119777
1334.0 6.76601671309
1335.0 6.76880222841
1336.0 6.77158774373
1337.0 6.77437325905
1338.0 6.77715877437
1339.0 6.77994428969
1340.0 6.78272980501
1341.0 6.78551532033
1342.0 6.78830083565
1343.0 6.79108635097
1344.0 6.7938718663
1345.0 6.79665738162
1346.0 6.79944289694
1347.0 6.80222841226
1348.0 6.80501392758
1349.0 6.8077994429
1350.0 6.81058495822
1351.0 6.81337047354
1352.0 6.81615598886
1353.0 6.81894150418
1354.0 6.8217270195
1355.0 6.82451253482
1356.0 6.82729805014
1357.0 6.83008356546
1358.0 6.83286908078
1359.0 6.8356545961
1360.0 6.83844011142
1361.0 6.84122562674
1362.0 6.84401114206
1363.0 6.84679665738
1364.0 6.8495821727
1365.0 6.85236768802
1366.0 6.85515320334
1367.0 6.85793871866
1368.0 6.86072423398
1369.0 6.8635097493
1370.0 6.86629526462
1371.0 6.86908077994
1372.0 6.87186629526
1373.0 6.87465181058
1374.0 6.87743732591
1375.0 6.88022284123
1376.0 6.88300835655
1377.0 6.88579387187
1378.0 6.88857938719
1379.0 6.89136490251
1380.0 6.89415041783
1381.0 6.89693593315
1382.0 6.89972144847
1383.0 6.90250696379
1384.0 6.90529247911
1385.0 6.90807799443
1386.0 6.91086350975
1387.0 6.91364902507
1388.0 6.91643454039
1389.0 6.91922005571
1390.0 6.92200557103
1391.0 6.92479108635
1392.0 6.92757660167
1393.0 6.93036211699
1394.0 6.93314763231
1395.0 6.93593314763
1396.0 6.93871866295
1397.0 6.94150417827
1398.0 6.94428969359
1399.0 6.94707520891
1400.0 6.94986072423
1401.0 6.95264623955
1402.0 6.95543175487
1403.0 6.95821727019
1404.0 6.96100278552
1405.0 6.96378830084
1406.0 6.96657381616
1407.0 6.96935933148
1408.0 6.9721448468
1409.0 6.97493036212
1410.0 6.97771587744
1411.0 6.98050139276
1412.0 6.98328690808
1413.0 6.9860724234
1414.0 6.98885793872
1415.0 6.99164345404
1416.0 6.99442896936
1417.0 6.99721448468
1418.0 7.0
1419.0 7.00354609929
1420.0 7.00709219858
1421.0 7.01063829787
1422.0 7.01418439716
1423.0 7.01773049645
1424.0 7.02127659574
1425.0 7.02482269504
1426.0 7.02836879433
1427.0 7.03191489362
1428.0 7.03546099291
1429.0 7.0390070922
1430.0 7.04255319149
1431.0 7.04609929078
1432.0 7.04964539007
1433.0 7.05319148936
1434.0 7.05673758865
1435.0 7.06028368794
1436.0 7.06382978723
1437.0 7.06737588652
1438.0 7.07092198582
1439.0 7.07446808511
1440.0 7.0780141844
1441.0 7.08156028369
1442.0 7.08510638298
1443.0 7.08865248227
1444.0 7.09219858156
1445.0 7.09574468085
1446.0 7.09929078014
1447.0 7.10283687943
1448.0 7.10638297872
1449.0 7.10992907801
1450.0 7.1134751773
1451.0 7.1170212766
1452.0 7.12056737589
1453.0 7.12411347518
1454.0 7.12765957447
1455.0 7.13120567376
1456.0 7.13475177305
1457.0 7.13829787234
1458.0 7.14184397163
1459.0 7.14539007092
1460.0 7.14893617021
1461.0 7.1524822695
1462.0 7.15602836879
1463.0 7.15957446809
1464.0 7.16312056738
1465.0 7.16666666667
1466.0 7.17021276596
1467.0 7.17375886525
1468.0 7.17730496454
1469.0 7.18085106383
1470.0 7.18439716312
1471.0 7.18794326241
1472.0 7.1914893617
1473.0 7.19503546099
1474.0 7.19858156028
1475.0 7.20212765957
1476.0 7.20567375887
1477.0 7.20921985816
1478.0 7.21276595745
1479.0 7.21631205674
1480.0 7.21985815603
1481.0 7.22340425532
1482.0 7.22695035461
1483.0 7.2304964539
1484.0 7.23404255319
1485.0 7.23758865248
1486.0 7.24113475177
1487.0 7.24468085106
1488.0 7.24822695035
1489.0 7.25177304965
1490.0 7.25531914894
1491.0 7.25886524823
1492.0 7.26241134752
1493.0 7.26595744681
1494.0 7.2695035461
1495.0 7.27304964539
1496.0 7.27659574468
1497.0 7.28014184397
1498.0 7.28368794326
1499.0 7.28723404255
1500.0 7.29078014184
1501.0 7.29432624113
1502.0 7.29787234043
1503.0 7.30141843972
1504.0 7.30496453901
1505.0 7.3085106383
1506.0 7.31205673759
1507.0 7.31560283688
1508.0 7.31914893617
1509.0 7.32269503546
1510.0 7.32624113475
1511.0 7.32978723404
1512.0 7.33333333333
1513.0 7.33687943262
1514.0 7.34042553191
1515.0 7.34397163121
1516.0 7.3475177305
1517.0 7.35106382979
1518.0 7.35460992908
1519.0 7.35815602837
1520.0 7.36170212766
1521.0 7.36524822695
1522.0 7.36879432624
1523.0 7.37234042553
1524.0 7.37588652482
1525.0 7.37943262411
1526.0 7.3829787234
1527.0 7.3865248227
1528.0 7.39007092199
1529.0 7.39361702128
1530.0 7.39716312057
1531.0 7.40070921986
1532.0 7.40425531915
1533.0 7.40780141844
1534.0 7.41134751773
1535.0 7.41489361702
1536.0 7.41843971631
1537.0 7.4219858156
1538.0 7.42553191489
1539.0 7.42907801418
1540.0 7.43262411348
1541.0 7.43617021277
1542.0 7.43971631206
1543.0 7.44326241135
1544.0 7.44680851064
1545.0 7.45035460993
1546.0 7.45390070922
1547.0 7.45744680851
1548.0 7.4609929078
1549.0 7.46453900709
1550.0 7.46808510638
1551.0 7.47163120567
1552.0 7.47517730496
1553.0 7.47872340426
1554.0 7.48226950355
1555.0 7.48581560284
1556.0 7.48936170213
1557.0 7.49290780142
1558.0 7.49645390071
1559.0 7.5
1560.0 7.50354609929
1561.0 7.50709219858
1562.0 7.51063829787
1563.0 7.51418439716
1564.0 7.51773049645
1565.0 7.52127659574
1566.0 7.52482269504
1567.0 7.52836879433
1568.0 7.53191489362
1569.0 7.53546099291
1570.0 7.5390070922
1571.0 7.54255319149
1572.0 7.54609929078
1573.0 7.54964539007
1574.0 7.55319148936
1575.0 7.55673758865
1576.0 7.56028368794
1577.0 7.56382978723
1578.0 7.56737588652
1579.0 7.57092198582
1580.0 7.57446808511
1581.0 7.5780141844
1582.0 7.58156028369
1583.0 7.58510638298
1584.0 7.58865248227
1585.0 7.59219858156
1586.0 7.59574468085
1587.0 7.59929078014
1588.0 7.60283687943
1589.0 7.60638297872
1590.0 7.60992907801
1591.0 7.6134751773
1592.0 7.6170212766
1593.0 7.62056737589
1594.0 7.62411347518
1595.0 7.62765957447
1596.0 7.63120567376
1597.0 7.63475177305
1598.0 7.63829787234
1599.0 7.64184397163
1600.0 7.64539007092
1601.0 7.64893617021
1602.0 7.6524822695
1603.0 7.65602836879
1604.0 7.65957446809
1605.0 7.66312056738
1606.0 7.66666666667
1607.0 7.67021276596
1608.0 7.67375886525
1609.0 7.67730496454
1610.0 7.68085106383
1611.0 7.68439716312
1612.0 7.68794326241
1613.0 7.6914893617
1614.0 7.69503546099
1615.0 7.69858156028
1616.0 7.70212765957
1617.0 7.70567375887
1618.0 7.70921985816
1619.0 7.71276595745
1620.0 7.71631205674
1621.0 7.71985815603
1622.0 7.72340425532
1623.0 7.72695035461
1624.0 7.7304964539
1625.0 7.73404255319
1626.0 7.73758865248
1627.0 7.74113475177
1628.0 7.74468085106
1629.0 7.74822695035
1630.0 7.75177304965
1631.0 7.75531914894
1632.0 7.75886524823
1633.0 7.76241134752
1634.0 7.76595744681
1635.0 7.7695035461
1636.0 7.77304964539
1637.0 7.77659574468
1638.0 7.78014184397
1639.0 7.78368794326
1640.0 7.78723404255
1641.0 7.79078014184
1642.0 7.79432624113
1643.0 7.79787234043
1644.0 7.80141843972
1645.0 7.80496453901
1646.0 7.8085106383
1647.0 7.81205673759
1648.0 7.81560283688
1649.0 7.81914893617
1650.0 7.82269503546
1651.0 7.82624113475
1652.0 7.82978723404
1653.0 7.83333333333
1654.0 7.83687943262
1655.0 7.84042553191
1656.0 7.84397163121
1657.0 7.8475177305
1658.0 7.85106382979
1659.0 7.85460992908
1660.0 7.85815602837
1661.0 7.86170212766
1662.0 7.86524822695
1663.0 7.86879432624
1664.0 7.87234042553
1665.0 7.87588652482
1666.0 7.87943262411
1667.0 7.8829787234
1668.0 7.8865248227
1669.0 7.89007092199
1670.0 7.89361702128
1671.0 7.89716312057
1672.0 7.90070921986
1673.0 7.90425531915
1674.0 7.90780141844
1675.0 7.91134751773
1676.0 7.91489361702
1677.0 7.91843971631
1678.0 7.9219858156
1679.0 7.92553191489
1680.0 7.92907801418
1681.0 7.93262411348
1682.0 7.93617021277
1683.0 7.93971631206
1684.0 7.94326241135
1685.0 7.94680851064
1686.0 7.95035460993
1687.0 7.95390070922
1688.0 7.95744680851
1689.0 7.9609929078
1690.0 7.96453900709
1691.0 7.96808510638
1692.0 7.97163120567
1693.0 7.97517730496
1694.0 7.97872340426
1695.0 7.98226950355
1696.0 7.98581560284
1697.0 7.98936170213
1698.0 7.99290780142
1699.0 7.99645390071
