0.0 0.0
1.0 0.00862068965517
2.0 0.0172413793103
3.0 0.0258620689655
4.0 0.0344827586207
5.0 0.0431034482759
6.0 0.051724137931
7.0 0.0603448275862
8.0 0.0689655172414
9.0 0.0775862068966
10.0 0.0862068965517
11.0 0.0948275862069
12.0 0.103448275862
13.0 0.112068965517
14.0 0.120689655172
15.0 0.129310344828
16.0 0.137931034483
17.0 0.146551724138
18.0 0.155172413793
19.0 0.163793103448
20.0 0.172413793103
21.0 0.181034482759
22.0 0.189655172414
23.0 0.198275862069
24.0 0.206896551724
25.0 0.215517241379
26.0 0.224137931034
27.0 0.23275862069
28.0 0.241379310345
29.0 0.25
30.0 0.258620689655
31.0 0.26724137931
32.0 0.275862068966
33.0 0.284482758621
34.0 0.293103448276
35.0 0.301724137931
36.0 0.310344827586
37.0 0.318965517241
38.0 0.327586206897
39.0 0.336206896552
40.0 0.344827586207
41.0 0.353448275862
42.0 0.362068965517
43.0 0.370689655172
44.0 0.379310344828
45.0 0.387931034483
46.0 0.396551724138
47.0 0.405172413793
48.0 0.413793103448
49.0 0.422413793103
50.0 0.431034482759
51.0 0.439655172414
52.0 0.448275862069
53.0 0.456896551724
54.0 0.465517241379
55.0 0.474137931034
56.0 0.48275862069
57.0 0.491379310345
58.0 0.5
59.0 0.508620689655
60.0 0.51724137931
61.0 0.525862068966
62.0 0.534482758621
63.0 0.543103448276
64.0 0.551724137931
65.0 0.560344827586
66.0 0.568965517241
67.0 0.577586206897
68.0 0.586206896552
69.0 0.594827586207
70.0 0.603448275862
71.0 0.612068965517
72.0 0.620689655172
73.0 0.629310344828
74.0 0.637931034483
75.0 0.646551724138
76.0 0.655172413793
77.0 0.663793103448
78.0 0.672413793103
79.0 0.681034482759
80.0 0.689655172414
81.0 0.698275862069
82.0 0.706896551724
83.0 0.715517241379
84.0 0.724137931034
85.0 0.73275862069
86.0 0.741379310345
87.0 0.75
88.0 0.758620689655
89.0 0.76724137931
90.0 0.775862068966
91.0 0.784482758621
92.0 0.793103448276
93.0 0.801724137931
94.0 0.810344827586
95.0 0.818965517241
96.0 0.827586206897
97.0 0.836206896552
98.0 0.844827586207
99.0 0.853448275862
100.0 0.862068965517
101.0 0.870689655172
102.0 0.879310344828
103.0 0.887931034483
104.0 0.896551724138
105.0 0.905172413793
106.0 0.913793103448
107.0 0.922413793103
108.0 0.931034482759
109.0 0.939655172414
110.0 0.948275862069
111.0 0.956896551724
112.0 0.965517241379
113.0 0.974137931034
114.0 0.98275862069
115.0 0.991379310345
116.0 1.0
117.0 1.00438596491
118.0 1.00877192982
119.0 1.01315789474
120.0 1.01754385965
121.0 1.02192982456
122.0 1.02631578947
123.0 1.03070175439
124.0 1.0350877193
125.0 1.03947368421
126.0 1.04385964912
127.0 1.04824561404
128.0 1.05263157895
129.0 1.05701754386
130.0 1.06140350877
131.0 1.06578947368
132.0 1.0701754386
133.0 1.07456140351
134.0 1.07894736842
135.0 1.08333333333
136.0 1.08771929825
137.0 1.09210526316
138.0 1.09649122807
139.0 1.10087719298
140.0 1.10526315789
141.0 1.10964912281
142.0 1.11403508772
143.0 1.11842105263
144.0 1.12280701754
145.0 1.12719298246
146.0 1.13157894737
147.0 1.13596491228
148.0 1.14035087719
149.0 1.14473684211
150.0 1.14912280702
151.0 1.15350877193
152.0 1.15789473684
153.0 1.16228070175
154.0 1.16666666667
155.0 1.17105263158
156.0 1.17543859649
157.0 1.1798245614
158.0 1.18421052632
159.0 1.18859649123
160.0 1.19298245614
161.0 1.19736842105
162.0 1.20175438596
163.0 1.20614035088
164.0 1.21052631579
165.0 1.2149122807
166.0 1.21929824561
167.0 1.22368421053
168.0 1.22807017544
169.0 1.23245614035
170.0 1.23684210526
171.0 1.24122807018
172.0 1.24561403509
173.0 1.25
174.0 1.25438596491
175.0 1.25877192982
176.0 1.26315789474
177.0 1.26754385965
178.0 1.27192982456
179.0 1.27631578947
180.0 1.28070175439
181.0 1.2850877193
182.0 1.28947368421
183.0 1.29385964912
184.0 1.29824561404
185.0 1.30263157895
186.0 1.30701754386
187.0 1.31140350877
188.0 1.31578947368
189.0 1.3201754386
190.0 1.32456140351
191.0 1.32894736842
192.0 1.33333333333
193.0 1.33771929825
194.0 1.34210526316
195.0 1.34649122807
196.0 1.35087719298
197.0 1.35526315789
198.0 1.35964912281
199.0 1.36403508772
200.0 1.36842105263
201.0 1.37280701754
202.0 1.37719298246
203.0 1.38157894737
204.0 1.38596491228
205.0 1.39035087719
206.0 1.39473684211
207.0 1.39912280702
208.0 1.40350877193
209.0 1.40789473684
210.0 1.41228070175
211.0 1.41666666667
212.0 1.42105263158
213.0 1.42543859649
214.0 1.4298245614
215.0 1.43421052632
216.0 1.43859649123
217.0 1.44298245614
218.0 1.44736842105
219.0 1.45175438596
220.0 1.45614035088
221.0 1.46052631579
222.0 1.4649122807
223.0 1.46929824561
224.0 1.47368421053
225.0 1.47807017544
226.0 1.48245614035
227.0 1.48684210526
228.0 1.49122807018
229.0 1.49561403509
230.0 1.5
231.0 1.50438596491
232.0 1.50877192982
233.0 1.51315789474
234.0 1.51754385965
235.0 1.52192982456
236.0 1.52631578947
237.0 1.53070175439
238.0 1.5350877193
239.0 1.53947368421
240.0 1.54385964912
241.0 1.54824561404
242.0 1.55263157895
243.0 1.55701754386
244.0 1.56140350877
245.0 1.56578947368
246.0 1.5701754386
247.0 1.57456140351
248.0 1.57894736842
249.0 1.58333333333
250.0 1.58771929825
251.0 1.59210526316
252.0 1.59649122807
253.0 1.60087719298
254.0 1.60526315789
255.0 1.60964912281
256.0 1.61403508772
257.0 1.61842105263
258.0 1.62280701754
259.0 1.62719298246
260.0 1.63157894737
261.0 1.63596491228
262.0 1.64035087719
263.0 1.64473684211
264.0 1.64912280702
265.0 1.65350877193
266.0 1.65789473684
267.0 1.66228070175
268.0 1.66666666667
269.0 1.67105263158
270.0 1.67543859649
271.0 1.6798245614
272.0 1.68421052632
273.0 1.68859649123
274.0 1.69298245614
275.0 1.69736842105
276.0 1.70175438596
277.0 1.70614035088
278.0 1.71052631579
279.0 1.7149122807
280.0 1.71929824561
281.0 1.72368421053
282.0 1.72807017544
283.0 1.73245614035
284.0 1.73684210526
285.0 1.74122807018
286.0 1.74561403509
287.0 1.75
288.0 1.75438596491
289.0 1.75877192982
290.0 1.76315789474
291.0 1.76754385965
292.0 1.77192982456
293.0 1.77631578947
294.0 1.78070175439
295.0 1.7850877193
296.0 1.78947368421
297.0 1.79385964912
298.0 1.79824561404
299.0 1.80263157895
300.0 1.80701754386
301.0 1.81140350877
302.0 1.81578947368
303.0 1.8201754386
304.0 1.82456140351
305.0 1.82894736842
306.0 1.83333333333
307.0 1.83771929825
308.0 1.84210526316
309.0 1.84649122807
310.0 1.85087719298
311.0 1.85526315789
312.0 1.85964912281
313.0 1.86403508772
314.0 1.86842105263
315.0 1.87280701754
316.0 1.87719298246
317.0 1.88157894737
318.0 1.88596491228
319.0 1.89035087719
320.0 1.89473684211
321.0 1.89912280702
322.0 1.90350877193
323.0 1.90789473684
324.0 1.91228070175
325.0 1.91666666667
326.0 1.92105263158
327.0 1.92543859649
328.0 1.9298245614
329.0 1.93421052632
330.0 1.93859649123
331.0 1.94298245614
332.0 1.94736842105
333.0 1.95175438596
334.0 1.95614035088
335.0 1.96052631579
336.0 1.9649122807
337.0 1.96929824561
338.0 1.97368421053
339.0 1.97807017544
340.0 1.98245614035
341.0 1.98684210526
342.0 1.99122807018
343.0 1.99561403509
344.0 2.0
345.0 2.02083333333
346.0 2.04166666667
347.0 2.0625
348.0 2.08333333333
349.0 2.10416666667
350.0 2.125
351.0 2.14583333333
352.0 2.16666666667
353.0 2.1875
354.0 2.20833333333
355.0 2.22916666667
356.0 2.25
357.0 2.27083333333
358.0 2.29166666667
359.0 2.3125
360.0 2.33333333333
361.0 2.35416666667
362.0 2.375
363.0 2.39583333333
364.0 2.41666666667
365.0 2.4375
366.0 2.45833333333
367.0 2.47916666667
368.0 2.5
369.0 2.52083333333
370.0 2.54166666667
371.0 2.5625
372.0 2.58333333333
373.0 2.60416666667
374.0 2.625
375.0 2.64583333333
376.0 2.66666666667
377.0 2.6875
378.0 2.70833333333
379.0 2.72916666667
380.0 2.75
381.0 2.77083333333
382.0 2.79166666667
383.0 2.8125
384.0 2.83333333333
385.0 2.85416666667
386.0 2.875
387.0 2.89583333333
388.0 2.91666666667
389.0 2.9375
390.0 2.95833333333
391.0 2.97916666667
392.0 3.0
393.0 3.01298701299
394.0 3.02597402597
395.0 3.03896103896
396.0 3.05194805195
397.0 3.06493506494
398.0 3.07792207792
399.0 3.09090909091
400.0 3.1038961039
401.0 3.11688311688
402.0 3.12987012987
403.0 3.14285714286
404.0 3.15584415584
405.0 3.16883116883
406.0 3.18181818182
407.0 3.19480519481
408.0 3.20779220779
409.0 3.22077922078
410.0 3.23376623377
411.0 3.24675324675
412.0 3.25974025974
413.0 3.27272727273
414.0 3.28571428571
415.0 3.2987012987
416.0 3.31168831169
417.0 3.32467532468
418.0 3.33766233766
419.0 3.35064935065
420.0 3.36363636364
421.0 3.37662337662
422.0 3.38961038961
423.0 3.4025974026
424.0 3.41558441558
425.0 3.42857142857
426.0 3.44155844156
427.0 3.45454545455
428.0 3.46753246753
429.0 3.48051948052
430.0 3.49350649351
431.0 3.50649350649
432.0 3.51948051948
433.0 3.53246753247
434.0 3.54545454545
435.0 3.55844155844
436.0 3.57142857143
437.0 3.58441558442
438.0 3.5974025974
439.0 3.61038961039
440.0 3.62337662338
441.0 3.63636363636
442.0 3.64935064935
443.0 3.66233766234
444.0 3.67532467532
445.0 3.68831168831
446.0 3.7012987013
447.0 3.71428571429
448.0 3.72727272727
449.0 3.74025974026
450.0 3.75324675325
451.0 3.76623376623
452.0 3.77922077922
453.0 3.79220779221
454.0 3.80519480519
455.0 3.81818181818
456.0 3.83116883117
457.0 3.84415584416
458.0 3.85714285714
459.0 3.87012987013
460.0 3.88311688312
461.0 3.8961038961
462.0 3.90909090909
463.0 3.92207792208
464.0 3.93506493506
465.0 3.94805194805
466.0 3.96103896104
467.0 3.97402597403
468.0 3.98701298701
469.0 4.0
470.0 4.01639344262
471.0 4.03278688525
472.0 4.04918032787
473.0 4.06557377049
474.0 4.08196721311
475.0 4.09836065574
476.0 4.11475409836
477.0 4.13114754098
478.0 4.14754098361
479.0 4.16393442623
480.0 4.18032786885
481.0 4.19672131148
482.0 4.2131147541
483.0 4.22950819672
484.0 4.24590163934
485.0 4.26229508197
486.0 4.27868852459
487.0 4.29508196721
488.0 4.31147540984
489.0 4.32786885246
490.0 4.34426229508
491.0 4.3606557377
492.0 4.37704918033
493.0 4.39344262295
494.0 4.40983606557
495.0 4.4262295082
496.0 4.44262295082
497.0 4.45901639344
498.0 4.47540983607
499.0 4.49180327869
500.0 4.50819672131
501.0 4.52459016393
502.0 4.54098360656
503.0 4.55737704918
504.0 4.5737704918
505.0 4.59016393443
506.0 4.60655737705
507.0 4.62295081967
508.0 4.6393442623
509.0 4.65573770492
510.0 4.67213114754
511.0 4.68852459016
512.0 4.70491803279
513.0 4.72131147541
514.0 4.73770491803
515.0 4.75409836066
516.0 4.77049180328
517.0 4.7868852459
518.0 4.80327868852
519.0 4.81967213115
520.0 4.83606557377
521.0 4.85245901639
522.0 4.86885245902
523.0 4.88524590164
524.0 4.90163934426
525.0 4.91803278689
526.0 4.93442622951
527.0 4.95081967213
528.0 4.96721311475
529.0 4.98360655738
530.0 5.0
531.0 5.00689655172
532.0 5.01379310345
533.0 5.02068965517
534.0 5.0275862069
535.0 5.03448275862
536.0 5.04137931034
537.0 5.04827586207
538.0 5.05517241379
539.0 5.06206896552
540.0 5.06896551724
541.0 5.07586206897
542.0 5.08275862069
543.0 5.08965517241
544.0 5.09655172414
545.0 5.10344827586
546.0 5.11034482759
547.0 5.11724137931
548.0 5.12413793103
549.0 5.13103448276
550.0 5.13793103448
551.0 5.14482758621
552.0 5.15172413793
553.0 5.15862068966
554.0 5.16551724138
555.0 5.1724137931
556.0 5.17931034483
557.0 5.18620689655
558.0 5.19310344828
559.0 5.2
560.0 5.20689655172
561.0 5.21379310345
562.0 5.22068965517
563.0 5.2275862069
564.0 5.23448275862
565.0 5.24137931034
566.0 5.24827586207
567.0 5.25517241379
568.0 5.26206896552
569.0 5.26896551724
570.0 5.27586206897
571.0 5.28275862069
572.0 5.28965517241
573.0 5.29655172414
574.0 5.30344827586
575.0 5.31034482759
576.0 5.31724137931
577.0 5.32413793103
578.0 5.33103448276
579.0 5.33793103448
580.0 5.34482758621
581.0 5.35172413793
582.0 5.35862068966
583.0 5.36551724138
584.0 5.3724137931
585.0 5.37931034483
586.0 5.38620689655
587.0 5.39310344828
588.0 5.4
589.0 5.40689655172
590.0 5.41379310345
591.0 5.42068965517
592.0 5.4275862069
593.0 5.43448275862
594.0 5.44137931034
595.0 5.44827586207
596.0 5.45517241379
597.0 5.46206896552
598.0 5.46896551724
599.0 5.47586206897
600.0 5.48275862069
601.0 5.48965517241
602.0 5.49655172414
603.0 5.50344827586
604.0 5.51034482759
605.0 5.51724137931
606.0 5.52413793103
607.0 5.53103448276
608.0 5.53793103448
609.0 5.54482758621
610.0 5.55172413793
611.0 5.55862068966
612.0 5.56551724138
613.0 5.5724137931
614.0 5.57931034483
615.0 5.58620689655
616.0 5.59310344828
617.0 5.6
618.0 5.60689655172
619.0 5.61379310345
620.0 5.62068965517
621.0 5.6275862069
622.0 5.63448275862
623.0 5.64137931034
624.0 5.64827586207
625.0 5.65517241379
626.0 5.66206896552
627.0 5.66896551724
628.0 5.67586206897
629.0 5.68275862069
630.0 5.68965517241
631.0 5.69655172414
632.0 5.70344827586
633.0 5.71034482759
634.0 5.71724137931
635.0 5.72413793103
636.0 5.73103448276
637.0 5.73793103448
638.0 5.74482758621
639.0 5.75172413793
640.0 5.75862068966
641.0 5.76551724138
642.0 5.7724137931
643.0 5.77931034483
644.0 5.78620689655
645.0 5.79310344828
646.0 5.8
647.0 5.80689655172
648.0 5.81379310345
649.0 5.82068965517
650.0 5.8275862069
651.0 5.83448275862
652.0 5.84137931034
653.0 5.84827586207
654.0 5.85517241379
655.0 5.86206896552
656.0 5.86896551724
657.0 5.87586206897
658.0 5.88275862069
659.0 5.88965517241
660.0 5.89655172414
661.0 5.90344827586
662.0 5.91034482759
663.0 5.91724137931
664.0 5.92413793103
665.0 5.93103448276
666.0 5.93793103448
667.0 5.94482758621
668.0 5.95172413793
669.0 5.95862068966
670.0 5.96551724138
671.0 5.9724137931
672.0 5.97931034483
673.0 5.98620689655
674.0 5.99310344828
675.0 6.0
676.0 6.00476190476
677.0 6.00952380952
678.0 6.01428571429
679.0 6.01904761905
680.0 6.02380952381
681.0 6.02857142857
682.0 6.03333333333
683.0 6.0380952381
684.0 6.04285714286
685.0 6.04761904762
686.0 6.05238095238
687.0 6.05714285714
688.0 6.0619047619
689.0 6.06666666667
690.0 6.07142857143
691.0 6.07619047619
692.0 6.08095238095
693.0 6.08571428571
694.0 6.09047619048
695.0 6.09523809524
696.0 6.1
697.0 6.10476190476
698.0 6.10952380952
699.0 6.11428571429
700.0 6.11904761905
701.0 6.12380952381
702.0 6.12857142857
703.0 6.13333333333
704.0 6.1380952381
705.0 6.14285714286
706.0 6.14761904762
707.0 6.15238095238
708.0 6.15714285714
709.0 6.1619047619
710.0 6.16666666667
711.0 6.17142857143
712.0 6.17619047619
713.0 6.18095238095
714.0 6.18571428571
715.0 6.19047619048
716.0 6.19523809524
717.0 6.2
718.0 6.20476190476
719.0 6.20952380952
720.0 6.21428571429
721.0 6.21904761905
722.0 6.22380952381
723.0 6.22857142857
724.0 6.23333333333
725.0 6.2380952381
726.0 6.24285714286
727.0 6.24761904762
728.0 6.25238095238
729.0 6.25714285714
730.0 6.2619047619
731.0 6.26666666667
732.0 6.27142857143
733.0 6.27619047619
734.0 6.28095238095
735.0 6.28571428571
736.0 6.29047619048
737.0 6.29523809524
738.0 6.3
739.0 6.30476190476
740.0 6.30952380952
741.0 6.31428571429
742.0 6.31904761905
743.0 6.32380952381
744.0 6.32857142857
745.0 6.33333333333
746.0 6.3380952381
747.0 6.34285714286
748.0 6.34761904762
749.0 6.35238095238
750.0 6.35714285714
751.0 6.3619047619
752.0 6.36666666667
753.0 6.37142857143
754.0 6.37619047619
755.0 6.38095238095
756.0 6.38571428571
757.0 6.39047619048
758.0 6.39523809524
759.0 6.4
760.0 6.40476190476
761.0 6.40952380952
762.0 6.41428571429
763.0 6.41904761905
764.0 6.42380952381
765.0 6.42857142857
766.0 6.43333333333
767.0 6.4380952381
768.0 6.44285714286
769.0 6.44761904762
770.0 6.45238095238
771.0 6.45714285714
772.0 6.4619047619
773.0 6.46666666667
774.0 6.47142857143
775.0 6.47619047619
776.0 6.48095238095
777.0 6.48571428571
778.0 6.49047619048
779.0 6.49523809524
780.0 6.5
781.0 6.50476190476
782.0 6.50952380952
783.0 6.51428571429
784.0 6.51904761905
785.0 6.52380952381
786.0 6.52857142857
787.0 6.53333333333
788.0 6.5380952381
789.0 6.54285714286
790.0 6.54761904762
791.0 6.55238095238
792.0 6.55714285714
793.0 6.5619047619
794.0 6.56666666667
795.0 6.57142857143
796.0 6.57619047619
797.0 6.58095238095
798.0 6.58571428571
799.0 6.59047619048
800.0 6.59523809524
801.0 6.6
802.0 6.60476190476
803.0 6.60952380952
804.0 6.61428571429
805.0 6.61904761905
806.0 6.62380952381
807.0 6.62857142857
808.0 6.63333333333
809.0 6.6380952381
810.0 6.64285714286
811.0 6.64761904762
812.0 6.65238095238
813.0 6.65714285714
814.0 6.6619047619
815.0 6.66666666667
816.0 6.67142857143
817.0 6.67619047619
818.0 6.68095238095
819.0 6.68571428571
820.0 6.69047619048
821.0 6.69523809524
822.0 6.7
823.0 6.70476190476
824.0 6.70952380952
825.0 6.71428571429
826.0 6.71904761905
827.0 6.72380952381
828.0 6.72857142857
829.0 6.73333333333
830.0 6.7380952381
831.0 6.74285714286
832.0 6.74761904762
833.0 6.75238095238
834.0 6.75714285714
835.0 6.7619047619
836.0 6.76666666667
837.0 6.77142857143
838.0 6.77619047619
839.0 6.78095238095
840.0 6.78571428571
841.0 6.79047619048
842.0 6.79523809524
843.0 6.8
844.0 6.80476190476
845.0 6.80952380952
846.0 6.81428571429
847.0 6.81904761905
848.0 6.82380952381
849.0 6.82857142857
850.0 6.83333333333
851.0 6.8380952381
852.0 6.84285714286
853.0 6.84761904762
854.0 6.85238095238
855.0 6.85714285714
856.0 6.8619047619
857.0 6.86666666667
858.0 6.87142857143
859.0 6.87619047619
860.0 6.88095238095
861.0 6.88571428571
862.0 6.89047619048
863.0 6.89523809524
864.0 6.9
865.0 6.90476190476
866.0 6.90952380952
867.0 6.91428571429
868.0 6.91904761905
869.0 6.92380952381
870.0 6.92857142857
871.0 6.93333333333
872.0 6.9380952381
873.0 6.94285714286
874.0 6.94761904762
875.0 6.95238095238
876.0 6.95714285714
877.0 6.9619047619
878.0 6.96666666667
879.0 6.97142857143
880.0 6.97619047619
881.0 6.98095238095
882.0 6.98571428571
883.0 6.99047619048
884.0 6.99523809524
885.0 7.0
886.0 7.00571428571
887.0 7.01142857143
888.0 7.01714285714
889.0 7.02285714286
890.0 7.02857142857
891.0 7.03428571429
892.0 7.04
893.0 7.04571428571
894.0 7.05142857143
895.0 7.05714285714
896.0 7.06285714286
897.0 7.06857142857
898.0 7.07428571429
899.0 7.08
900.0 7.08571428571
901.0 7.09142857143
902.0 7.09714285714
903.0 7.10285714286
904.0 7.10857142857
905.0 7.11428571429
906.0 7.12
907.0 7.12571428571
908.0 7.13142857143
909.0 7.13714285714
910.0 7.14285714286
911.0 7.14857142857
912.0 7.15428571429
913.0 7.16
914.0 7.16571428571
915.0 7.17142857143
916.0 7.17714285714
917.0 7.18285714286
918.0 7.18857142857
919.0 7.19428571429
920.0 7.2
921.0 7.20571428571
922.0 7.21142857143
923.0 7.21714285714
924.0 7.22285714286
925.0 7.22857142857
926.0 7.23428571429
927.0 7.24
928.0 7.24571428571
929.0 7.25142857143
930.0 7.25714285714
931.0 7.26285714286
932.0 7.26857142857
933.0 7.27428571429
934.0 7.28
935.0 7.28571428571
936.0 7.29142857143
937.0 7.29714285714
938.0 7.30285714286
939.0 7.30857142857
940.0 7.31428571429
941.0 7.32
942.0 7.32571428571
943.0 7.33142857143
944.0 7.33714285714
945.0 7.34285714286
946.0 7.34857142857
947.0 7.35428571429
948.0 7.36
949.0 7.36571428571
950.0 7.37142857143
951.0 7.37714285714
952.0 7.38285714286
953.0 7.38857142857
954.0 7.39428571429
955.0 7.4
956.0 7.40571428571
957.0 7.41142857143
958.0 7.41714285714
959.0 7.42285714286
960.0 7.42857142857
961.0 7.43428571429
962.0 7.44
963.0 7.44571428571
964.0 7.45142857143
965.0 7.45714285714
966.0 7.46285714286
967.0 7.46857142857
968.0 7.47428571429
969.0 7.48
970.0 7.48571428571
971.0 7.49142857143
972.0 7.49714285714
973.0 7.50285714286
974.0 7.50857142857
975.0 7.51428571429
976.0 7.52
977.0 7.52571428571
978.0 7.53142857143
979.0 7.53714285714
980.0 7.54285714286
981.0 7.54857142857
982.0 7.55428571429
983.0 7.56
984.0 7.56571428571
985.0 7.57142857143
986.0 7.57714285714
987.0 7.58285714286
988.0 7.58857142857
989.0 7.59428571429
990.0 7.6
991.0 7.60571428571
992.0 7.61142857143
993.0 7.61714285714
994.0 7.62285714286
995.0 7.62857142857
996.0 7.63428571429
997.0 7.64
998.0 7.64571428571
999.0 7.65142857143
1000.0 7.65714285714
1001.0 7.66285714286
1002.0 7.66857142857
1003.0 7.67428571429
1004.0 7.68
1005.0 7.68571428571
1006.0 7.69142857143
1007.0 7.69714285714
1008.0 7.70285714286
1009.0 7.70857142857
1010.0 7.71428571429
1011.0 7.72
1012.0 7.72571428571
1013.0 7.73142857143
1014.0 7.73714285714
1015.0 7.74285714286
1016.0 7.74857142857
1017.0 7.75428571429
1018.0 7.76
1019.0 7.76571428571
1020.0 7.77142857143
1021.0 7.77714285714
1022.0 7.78285714286
1023.0 7.78857142857
1024.0 7.79428571429
1025.0 7.8
1026.0 7.80571428571
1027.0 7.81142857143
1028.0 7.81714285714
1029.0 7.82285714286
1030.0 7.82857142857
1031.0 7.83428571429
1032.0 7.84
1033.0 7.84571428571
1034.0 7.85142857143
1035.0 7.85714285714
1036.0 7.86285714286
1037.0 7.86857142857
1038.0 7.87428571429
1039.0 7.88
1040.0 7.88571428571
1041.0 7.89142857143
1042.0 7.89714285714
1043.0 7.90285714286
1044.0 7.90857142857
1045.0 7.91428571429
1046.0 7.92
1047.0 7.92571428571
1048.0 7.93142857143
1049.0 7.93714285714
1050.0 7.94285714286
1051.0 7.94857142857
1052.0 7.95428571429
1053.0 7.96
1054.0 7.96571428571
1055.0 7.97142857143
1056.0 7.97714285714
1057.0 7.98285714286
1058.0 7.98857142857
1059.0 7.99428571429
