0.0 0.0
1.0 0.00900900900901
2.0 0.018018018018
3.0 0.027027027027
4.0 0.036036036036
5.0 0.045045045045
6.0 0.0540540540541
7.0 0.0630630630631
8.0 0.0720720720721
9.0 0.0810810810811
10.0 0.0900900900901
11.0 0.0990990990991
12.0 0.108108108108
13.0 0.117117117117
14.0 0.126126126126
15.0 0.135135135135
16.0 0.144144144144
17.0 0.153153153153
18.0 0.162162162162
19.0 0.171171171171
20.0 0.18018018018
21.0 0.189189189189
22.0 0.198198198198
23.0 0.207207207207
24.0 0.216216216216
25.0 0.225225225225
26.0 0.234234234234
27.0 0.243243243243
28.0 0.252252252252
29.0 0.261261261261
30.0 0.27027027027
31.0 0.279279279279
32.0 0.288288288288
33.0 0.297297297297
34.0 0.306306306306
35.0 0.315315315315
36.0 0.324324324324
37.0 0.333333333333
38.0 0.342342342342
39.0 0.351351351351
40.0 0.36036036036
41.0 0.369369369369
42.0 0.378378378378
43.0 0.387387387387
44.0 0.396396396396
45.0 0.405405405405
46.0 0.414414414414
47.0 0.423423423423
48.0 0.432432432432
49.0 0.441441441441
50.0 0.45045045045
51.0 0.459459459459
52.0 0.468468468468
53.0 0.477477477477
54.0 0.486486486486
55.0 0.495495495495
56.0 0.504504504505
57.0 0.513513513514
58.0 0.522522522523
59.0 0.531531531532
60.0 0.540540540541
61.0 0.54954954955
62.0 0.558558558559
63.0 0.567567567568
64.0 0.576576576577
65.0 0.585585585586
66.0 0.594594594595
67.0 0.603603603604
68.0 0.612612612613
69.0 0.621621621622
70.0 0.630630630631
71.0 0.63963963964
72.0 0.648648648649
73.0 0.657657657658
74.0 0.666666666667
75.0 0.675675675676
76.0 0.684684684685
77.0 0.693693693694
78.0 0.702702702703
79.0 0.711711711712
80.0 0.720720720721
81.0 0.72972972973
82.0 0.738738738739
83.0 0.747747747748
84.0 0.756756756757
85.0 0.765765765766
86.0 0.774774774775
87.0 0.783783783784
88.0 0.792792792793
89.0 0.801801801802
90.0 0.810810810811
91.0 0.81981981982
92.0 0.828828828829
93.0 0.837837837838
94.0 0.846846846847
95.0 0.855855855856
96.0 0.864864864865
97.0 0.873873873874
98.0 0.882882882883
99.0 0.891891891892
100.0 0.900900900901
101.0 0.90990990991
102.0 0.918918918919
103.0 0.927927927928
104.0 0.936936936937
105.0 0.945945945946
106.0 0.954954954955
107.0 0.963963963964
108.0 0.972972972973
109.0 0.981981981982
110.0 0.990990990991
111.0 1.0
112.0 1.02222222222
113.0 1.04444444444
114.0 1.06666666667
115.0 1.08888888889
116.0 1.11111111111
117.0 1.13333333333
118.0 1.15555555556
119.0 1.17777777778
120.0 1.2
121.0 1.22222222222
122.0 1.24444444444
123.0 1.26666666667
124.0 1.28888888889
125.0 1.31111111111
126.0 1.33333333333
127.0 1.35555555556
128.0 1.37777777778
129.0 1.4
130.0 1.42222222222
131.0 1.44444444444
132.0 1.46666666667
133.0 1.48888888889
134.0 1.51111111111
135.0 1.53333333333
136.0 1.55555555556
137.0 1.57777777778
138.0 1.6
139.0 1.62222222222
140.0 1.64444444444
141.0 1.66666666667
142.0 1.68888888889
143.0 1.71111111111
144.0 1.73333333333
145.0 1.75555555556
146.0 1.77777777778
147.0 1.8
148.0 1.82222222222
149.0 1.84444444444
150.0 1.86666666667
151.0 1.88888888889
152.0 1.91111111111
153.0 1.93333333333
154.0 1.95555555556
155.0 1.97777777778
156.0 2.0
157.0 2.01369863014
158.0 2.02739726027
159.0 2.04109589041
160.0 2.05479452055
161.0 2.06849315068
162.0 2.08219178082
163.0 2.09589041096
164.0 2.1095890411
165.0 2.12328767123
166.0 2.13698630137
167.0 2.15068493151
168.0 2.16438356164
169.0 2.17808219178
170.0 2.19178082192
171.0 2.20547945205
172.0 2.21917808219
173.0 2.23287671233
174.0 2.24657534247
175.0 2.2602739726
176.0 2.27397260274
177.0 2.28767123288
178.0 2.30136986301
179.0 2.31506849315
180.0 2.32876712329
181.0 2.34246575342
182.0 2.35616438356
183.0 2.3698630137
184.0 2.38356164384
185.0 2.39726027397
186.0 2.41095890411
187.0 2.42465753425
188.0 2.43835616438
189.0 2.45205479452
190.0 2.46575342466
191.0 2.47945205479
192.0 2.49315068493
193.0 2.50684931507
194.0 2.52054794521
195.0 2.53424657534
196.0 2.54794520548
197.0 2.56164383562
198.0 2.57534246575
199.0 2.58904109589
200.0 2.60273972603
201.0 2.61643835616
202.0 2.6301369863
203.0 2.64383561644
204.0 2.65753424658
205.0 2.67123287671
206.0 2.68493150685
207.0 2.69863013699
208.0 2.71232876712
209.0 2.72602739726
210.0 2.7397260274
211.0 2.75342465753
212.0 2.76712328767
213.0 2.78082191781
214.0 2.79452054795
215.0 2.80821917808
216.0 2.82191780822
217.0 2.83561643836
218.0 2.84931506849
219.0 2.86301369863
220.0 2.87671232877
221.0 2.8904109589
222.0 2.90410958904
223.0 2.91780821918
224.0 2.93150684932
225.0 2.94520547945
226.0 2.95890410959
227.0 2.97260273973
228.0 2.98630136986
229.0 3.0
230.0 3.00666666667
231.0 3.01333333333
232.0 3.02
233.0 3.02666666667
234.0 3.03333333333
235.0 3.04
236.0 3.04666666667
237.0 3.05333333333
238.0 3.06
239.0 3.06666666667
240.0 3.07333333333
241.0 3.08
242.0 3.08666666667
243.0 3.09333333333
244.0 3.1
245.0 3.10666666667
246.0 3.11333333333
247.0 3.12
248.0 3.12666666667
249.0 3.13333333333
250.0 3.14
251.0 3.14666666667
252.0 3.15333333333
253.0 3.16
254.0 3.16666666667
255.0 3.17333333333
256.0 3.18
257.0 3.18666666667
258.0 3.19333333333
259.0 3.2
260.0 3.20666666667
261.0 3.21333333333
262.0 3.22
263.0 3.22666666667
264.0 3.23333333333
265.0 3.24
266.0 3.24666666667
267.0 3.25333333333
268.0 3.26
269.0 3.26666666667
270.0 3.27333333333
271.0 3.28
272.0 3.28666666667
273.0 3.29333333333
274.0 3.3
275.0 3.30666666667
276.0 3.31333333333
277.0 3.32
278.0 3.32666666667
279.0 3.33333333333
280.0 3.34
281.0 3.34666666667
282.0 3.35333333333
283.0 3.36
284.0 3.36666666667
285.0 3.37333333333
286.0 3.38
287.0 3.38666666667
288.0 3.39333333333
289.0 3.4
290.0 3.40666666667
291.0 3.41333333333
292.0 3.42
293.0 3.42666666667
294.0 3.43333333333
295.0 3.44
296.0 3.44666666667
297.0 3.45333333333
298.0 3.46
299.0 3.46666666667
300.0 3.47333333333
301.0 3.48
302.0 3.48666666667
303.0 3.49333333333
304.0 3.5
305.0 3.50666666667
306.0 3.51333333333
307.0 3.52
308.0 3.52666666667
309.0 3.53333333333
310.0 3.54
311.0 3.54666666667
312.0 3.55333333333
313.0 3.56
314.0 3.56666666667
315.0 3.57333333333
316.0 3.58
317.0 3.58666666667
318.0 3.59333333333
319.0 3.6
320.0 3.60666666667
321.0 3.61333333333
322.0 3.62
323.0 3.62666666667
324.0 3.63333333333
325.0 3.64
326.0 3.64666666667
327.0 3.65333333333
328.0 3.66
329.0 3.66666666667
330.0 3.67333333333
331.0 3.68
332.0 3.68666666667
333.0 3.69333333333
334.0 3.7
335.0 3.70666666667
336.0 3.71333333333
337.0 3.72
338.0 3.72666666667
339.0 3.73333333333
340.0 3.74
341.0 3.74666666667
342.0 3.75333333333
343.0 3.76
344.0 3.76666666667
345.0 3.77333333333
346.0 3.78
347.0 3.78666666667
348.0 3.79333333333
349.0 3.8
350.0 3.80666666667
351.0 3.81333333333
352.0 3.82
353.0 3.82666666667
354.0 3.83333333333
355.0 3.84
356.0 3.84666666667
357.0 3.85333333333
358.0 3.86
359.0 3.86666666667
360.0 3.87333333333
361.0 3.88
362.0 3.88666666667
363.0 3.89333333333
364.0 3.9
365.0 3.90666666667
366.0 3.91333333333
367.0 3.92
368.0 3.92666666667
369.0 3.93333333333
370.0 3.94
371.0 3.94666666667
372.0 3.95333333333
373.0 3.96
374.0 3.96666666667
375.0 3.97333333333
376.0 3.98
377.0 3.98666666667
378.0 3.99333333333
379.0 4.0
380.0 4.01041666667
381.0 4.02083333333
382.0 4.03125
383.0 4.04166666667
384.0 4.05208333333
385.0 4.0625
386.0 4.07291666667
387.0 4.08333333333
388.0 4.09375
389.0 4.10416666667
390.0 4.11458333333
391.0 4.125
392.0 4.13541666667
393.0 4.14583333333
394.0 4.15625
395.0 4.16666666667
396.0 4.17708333333
397.0 4.1875
398.0 4.19791666667
399.0 4.20833333333
400.0 4.21875
401.0 4.22916666667
402.0 4.23958333333
403.0 4.25
404.0 4.26041666667
405.0 4.27083333333
406.0 4.28125
407.0 4.29166666667
408.0 4.30208333333
409.0 4.3125
410.0 4.32291666667
411.0 4.33333333333
412.0 4.34375
413.0 4.35416666667
414.0 4.36458333333
415.0 4.375
416.0 4.38541666667
417.0 4.39583333333
418.0 4.40625
419.0 4.41666666667
420.0 4.42708333333
421.0 4.4375
422.0 4.44791666667
423.0 4.45833333333
424.0 4.46875
425.0 4.47916666667
426.0 4.48958333333
427.0 4.5
428.0 4.51041666667
429.0 4.52083333333
430.0 4.53125
431.0 4.54166666667
432.0 4.55208333333
433.0 4.5625
434.0 4.57291666667
435.0 4.58333333333
436.0 4.59375
437.0 4.60416666667
438.0 4.61458333333
439.0 4.625
440.0 4.63541666667
441.0 4.64583333333
442.0 4.65625
443.0 4.66666666667
444.0 4.67708333333
445.0 4.6875
446.0 4.69791666667
447.0 4.70833333333
448.0 4.71875
449.0 4.72916666667
450.0 4.73958333333
451.0 4.75
452.0 4.76041666667
453.0 4.77083333333
454.0 4.78125
455.0 4.79166666667
456.0 4.80208333333
457.0 4.8125
458.0 4.82291666667
459.0 4.83333333333
460.0 4.84375
461.0 4.85416666667
462.0 4.86458333333
463.0 4.875
464.0 4.88541666667
465.0 4.89583333333
466.0 4.90625
467.0 4.91666666667
468.0 4.92708333333
469.0 4.9375
470.0 4.94791666667
471.0 4.95833333333
472.0 4.96875
473.0 4.97916666667
474.0 4.98958333333
475.0 5.0
476.0 5.00757575758
477.0 5.01515151515
478.0 5.02272727273
479.0 5.0303030303
480.0 5.03787878788
481.0 5.04545454545
482.0 5.05303030303
483.0 5.06060606061
484.0 5.06818181818
485.0 5.07575757576
486.0 5.08333333333
487.0 5.09090909091
488.0 5.09848484848
489.0 5.10606060606
490.0 5.11363636364
491.0 5.12121212121
492.0 5.12878787879
493.0 5.13636363636
494.0 5.14393939394
495.0 5.15151515152
496.0 5.15909090909
497.0 5.16666666667
498.0 5.17424242424
499.0 5.18181818182
500.0 5.18939393939
501.0 5.19696969697
502.0 5.20454545455
503.0 5.21212121212
504.0 5.2196969697
505.0 5.22727272727
506.0 5.23484848485
507.0 5.24242424242
508.0 5.25
509.0 5.25757575758
510.0 5.26515151515
511.0 5.27272727273
512.0 5.2803030303
513.0 5.28787878788
514.0 5.29545454545
515.0 5.30303030303
516.0 5.31060606061
517.0 5.31818181818
518.0 5.32575757576
519.0 5.33333333333
520.0 5.34090909091
521.0 5.34848484848
522.0 5.35606060606
523.0 5.36363636364
524.0 5.37121212121
525.0 5.37878787879
526.0 5.38636363636
527.0 5.39393939394
528.0 5.40151515152
529.0 5.40909090909
530.0 5.41666666667
531.0 5.42424242424
532.0 5.43181818182
533.0 5.43939393939
534.0 5.44696969697
535.0 5.45454545455
536.0 5.46212121212
537.0 5.4696969697
538.0 5.47727272727
539.0 5.48484848485
540.0 5.49242424242
541.0 5.5
542.0 5.50757575758
543.0 5.51515151515
544.0 5.52272727273
545.0 5.5303030303
546.0 5.53787878788
547.0 5.54545454545
548.0 5.55303030303
549.0 5.56060606061
550.0 5.56818181818
551.0 5.57575757576
552.0 5.58333333333
553.0 5.59090909091
554.0 5.59848484848
555.0 5.60606060606
556.0 5.61363636364
557.0 5.62121212121
558.0 5.62878787879
559.0 5.63636363636
560.0 5.64393939394
561.0 5.65151515152
562.0 5.65909090909
563.0 5.66666666667
564.0 5.67424242424
565.0 5.68181818182
566.0 5.68939393939
567.0 5.69696969697
568.0 5.70454545455
569.0 5.71212121212
570.0 5.7196969697
571.0 5.72727272727
572.0 5.73484848485
573.0 5.74242424242
574.0 5.75
575.0 5.75757575758
576.0 5.76515151515
577.0 5.77272727273
578.0 5.7803030303
579.0 5.78787878788
580.0 5.79545454545
581.0 5.80303030303
582.0 5.81060606061
583.0 5.81818181818
584.0 5.82575757576
585.0 5.83333333333
586.0 5.84090909091
587.0 5.84848484848
588.0 5.85606060606
589.0 5.86363636364
590.0 5.87121212121
591.0 5.87878787879
592.0 5.88636363636
593.0 5.89393939394
594.0 5.90151515152
595.0 5.90909090909
596.0 5.91666666667
597.0 5.92424242424
598.0 5.93181818182
599.0 5.93939393939
600.0 5.94696969697
601.0 5.95454545455
602.0 5.96212121212
603.0 5.9696969697
604.0 5.97727272727
605.0 5.98484848485
606.0 5.99242424242
607.0 6.0
608.0 6.0067114094
609.0 6.01342281879
610.0 6.02013422819
611.0 6.02684563758
612.0 6.03355704698
613.0 6.04026845638
614.0 6.04697986577
615.0 6.05369127517
616.0 6.06040268456
617.0 6.06711409396
618.0 6.07382550336
619.0 6.08053691275
620.0 6.08724832215
621.0 6.09395973154
622.0 6.10067114094
623.0 6.10738255034
624.0 6.11409395973
625.0 6.12080536913
626.0 6.12751677852
627.0 6.13422818792
628.0 6.14093959732
629.0 6.14765100671
630.0 6.15436241611
631.0 6.1610738255
632.0 6.1677852349
633.0 6.1744966443
634.0 6.18120805369
635.0 6.18791946309
636.0 6.19463087248
637.0 6.20134228188
638.0 6.20805369128
639.0 6.21476510067
640.0 6.22147651007
641.0 6.22818791946
642.0 6.23489932886
643.0 6.24161073826
644.0 6.24832214765
645.0 6.25503355705
646.0 6.26174496644
647.0 6.26845637584
648.0 6.27516778523
649.0 6.28187919463
650.0 6.28859060403
651.0 6.29530201342
652.0 6.30201342282
653.0 6.30872483221
654.0 6.31543624161
655.0 6.32214765101
656.0 6.3288590604
657.0 6.3355704698
658.0 6.34228187919
659.0 6.34899328859
660.0 6.35570469799
661.0 6.36241610738
662.0 6.36912751678
663.0 6.37583892617
664.0 6.38255033557
665.0 6.38926174497
666.0 6.39597315436
667.0 6.40268456376
668.0 6.40939597315
669.0 6.41610738255
670.0 6.42281879195
671.0 6.42953020134
672.0 6.43624161074
673.0 6.44295302013
674.0 6.44966442953
675.0 6.45637583893
676.0 6.46308724832
677.0 6.46979865772
678.0 6.47651006711
679.0 6.48322147651
680.0 6.48993288591
681.0 6.4966442953
682.0 6.5033557047
683.0 6.51006711409
684.0 6.51677852349
685.0 6.52348993289
686.0 6.53020134228
687.0 6.53691275168
688.0 6.54362416107
689.0 6.55033557047
690.0 6.55704697987
691.0 6.56375838926
692.0 6.57046979866
693.0 6.57718120805
694.0 6.58389261745
695.0 6.59060402685
696.0 6.59731543624
697.0 6.60402684564
698.0 6.61073825503
699.0 6.61744966443
700.0 6.62416107383
701.0 6.63087248322
702.0 6.63758389262
703.0 6.64429530201
704.0 6.65100671141
705.0 6.65771812081
706.0 6.6644295302
707.0 6.6711409396
708.0 6.67785234899
709.0 6.68456375839
710.0 6.69127516779
711.0 6.69798657718
712.0 6.70469798658
713.0 6.71140939597
714.0 6.71812080537
715.0 6.72483221477
716.0 6.73154362416
717.0 6.73825503356
718.0 6.74496644295
719.0 6.75167785235
720.0 6.75838926174
721.0 6.76510067114
722.0 6.77181208054
723.0 6.77852348993
724.0 6.78523489933
725.0 6.79194630872
726.0 6.79865771812
727.0 6.80536912752
728.0 6.81208053691
729.0 6.81879194631
730.0 6.8255033557
731.0 6.8322147651
732.0 6.8389261745
733.0 6.84563758389
734.0 6.85234899329
735.0 6.85906040268
736.0 6.86577181208
737.0 6.87248322148
738.0 6.87919463087
739.0 6.88590604027
740.0 6.89261744966
741.0 6.89932885906
742.0 6.90604026846
743.0 6.91275167785
744.0 6.91946308725
745.0 6.92617449664
746.0 6.93288590604
747.0 6.93959731544
748.0 6.94630872483
749.0 6.95302013423
750.0 6.95973154362
751.0 6.96644295302
752.0 6.97315436242
753.0 6.97986577181
754.0 6.98657718121
755.0 6.9932885906
756.0 7.0
757.0 7.00934579439
758.0 7.01869158879
759.0 7.02803738318
760.0 7.03738317757
761.0 7.04672897196
762.0 7.05607476636
763.0 7.06542056075
764.0 7.07476635514
765.0 7.08411214953
766.0 7.09345794393
767.0 7.10280373832
768.0 7.11214953271
769.0 7.1214953271
770.0 7.1308411215
771.0 7.14018691589
772.0 7.14953271028
773.0 7.15887850467
774.0 7.16822429907
775.0 7.17757009346
776.0 7.18691588785
777.0 7.19626168224
778.0 7.20560747664
779.0 7.21495327103
780.0 7.22429906542
781.0 7.23364485981
782.0 7.24299065421
783.0 7.2523364486
784.0 7.26168224299
785.0 7.27102803738
786.0 7.28037383178
787.0 7.28971962617
788.0 7.29906542056
789.0 7.30841121495
790.0 7.31775700935
791.0 7.32710280374
792.0 7.33644859813
793.0 7.34579439252
794.0 7.35514018692
795.0 7.36448598131
796.0 7.3738317757
797.0 7.38317757009
798.0 7.39252336449
799.0 7.40186915888
800.0 7.41121495327
801.0 7.42056074766
802.0 7.42990654206
803.0 7.43925233645
804.0 7.44859813084
805.0 7.45794392523
806.0 7.46728971963
807.0 7.47663551402
808.0 7.48598130841
809.0 7.4953271028
810.0 7.5046728972
811.0 7.51401869159
812.0 7.52336448598
813.0 7.53271028037
814.0 7.54205607477
815.0 7.55140186916
816.0 7.56074766355
817.0 7.57009345794
818.0 7.57943925234
819.0 7.58878504673
820.0 7.59813084112
821.0 7.60747663551
822.0 7.61682242991
823.0 7.6261682243
824.0 7.63551401869
825.0 7.64485981308
826.0 7.65420560748
827.0 7.66355140187
828.0 7.67289719626
829.0 7.68224299065
830.0 7.69158878505
831.0 7.70093457944
832.0 7.71028037383
833.0 7.71962616822
834.0 7.72897196262
835.0 7.73831775701
836.0 7.7476635514
837.0 7.75700934579
838.0 7.76635514019
839.0 7.77570093458
840.0 7.78504672897
841.0 7.79439252336
842.0 7.80373831776
843.0 7.81308411215
844.0 7.82242990654
845.0 7.83177570093
846.0 7.84112149533
847.0 7.85046728972
848.0 7.85981308411
849.0 7.8691588785
850.0 7.8785046729
851.0 7.88785046729
852.0 7.89719626168
853.0 7.90654205607
854.0 7.91588785047
855.0 7.92523364486
856.0 7.93457943925
857.0 7.94392523364
858.0 7.95327102804
859.0 7.96261682243
860.0 7.97196261682
861.0 7.98130841121
862.0 7.99065420561
