0 0
1 0
2 1
3 2
4 3
5 4
6 5
7 6
8 7
9 8
10 9
11 9
12 10
13 11
14 12
15 13
16 14
17 15
18 16
19 17
20 18
21 19
22 19
23 20
24 21
25 22
26 23
27 24
28 25
29 26
30 27
31 28
32 28
33 29
34 30
35 31
36 32
37 33
38 34
39 35
40 36
41 37
42 38
43 38
44 39
45 40
46 41
47 42
48 43
49 44
50 45
51 46
52 47
53 47
54 48
55 49
56 50
57 51
58 52
59 53
60 54
61 55
62 56
63 57
64 57
65 58
66 59
67 60
68 61
69 62
70 63
71 64
72 65
73 66
74 66
75 67
76 68
77 69
78 70
79 71
80 72
81 73
82 74
83 75
84 76
85 76
86 77
87 78
88 79
89 80
90 81
91 82
92 83
93 84
94 85
95 85
96 86
97 87
98 88
99 89
100 90
101 91
102 92
103 93
104 94
105 95
106 96
107 97
108 98
109 100
110 101
111 102
112 103
113 105
114 106
115 107
116 108
117 110
118 111
119 112
120 114
121 115
122 116
123 117
124 119
125 120
126 121
127 122
128 124
129 125
130 126
131 127
132 129
133 130
134 131
135 133
136 134
137 135
138 136
139 138
140 139
141 140
142 141
143 143
144 144
145 145
146 147
147 147
148 148
149 149
150 150
151 151
152 152
153 153
154 154
155 155
156 156
157 157
158 158
159 159
160 160
161 161
162 162
163 163
164 164
165 165
166 166
167 167
168 168
169 169
170 170
171 171
172 172
173 173
174 174
175 175
176 176
177 177
178 178
179 179
180 180
181 181
182 182
183 183
184 184
185 185
186 186
187 187
188 188
189 189
190 190
191 191
192 192
193 193
194 194
195 195
196 196
197 197
198 198
199 199
200 200
201 201
202 202
203 203
204 204
205 205
206 206
207 207
208 208
209 209
210 210
211 211
212 212
213 213
214 214
215 215
216 216
217 217
218 218
219 219
220 220
221 221
222 222
223 223
224 224
225 225
226 226
227 227
228 228
229 229
230 230
231 231
232 231
233 232
234 233
235 234
236 235
237 236
238 237
239 238
240 239
241 240
242 241
243 242
244 243
245 244
246 245
247 246
248 247
249 248
250 249
251 250
252 251
253 252
254 253
255 254
256 255
257 256
258 257
259 258
260 259
261 260
262 261
263 262
264 263
265 264
266 265
267 266
268 267
269 268
270 269
271 270
272 271
273 272
274 273
275 274
276 275
277 276
278 277
279 278
280 279
281 280
282 281
283 282
284 283
285 284
286 285
287 286
288 287
289 288
290 289
291 290
292 291
293 292
294 293
295 294
296 295
297 296
298 297
299 298
300 299
301 300
302 301
303 302
304 303
305 304
306 305
307 306
308 307
309 308
310 309
311 310
312 311
313 312
314 313
315 314
316 315
317 316
318 316
319 317
320 318
321 319
322 320
323 321
324 322
325 323
326 324
327 325
328 326
329 327
330 328
331 329
332 330
333 331
334 332
335 333
336 334
337 335
338 336
339 337
340 338
341 339
342 340
343 341
344 342
345 343
346 344
347 345
348 346
349 347
350 348
351 349
352 350
353 351
354 352
355 353
356 354
357 355
358 356
359 357
360 358
361 359
362 360
363 361
364 362
365 363
366 364
367 365
368 366
369 367
370 368
371 369
372 370
373 371
374 372
375 373
376 374
377 375
378 376
379 377
380 378
381 379
382 380
383 381
384 382
385 383
386 384
387 385
388 386
389 387
390 388
391 389
392 390
393 391
394 392
395 393
396 394
397 395
398 396
399 397
400 398
401 399
402 400
403 401
404 401
405 402
406 403
407 404
408 405
409 406
410 407
411 407
412 408
413 409
414 410
415 411
416 412
417 413
418 414
419 414
420 415
421 416
422 417
423 418
424 419
425 420
426 421
427 421
428 422
429 423
430 424
431 425
432 426
433 427
434 428
435 428
436 429
437 430
438 431
439 432
440 433
441 434
442 435
443 435
444 436
445 437
446 438
447 439
448 440
449 441
450 442
451 442
452 443
453 444
454 445
455 446
456 447
457 448
458 449
459 449
460 450
461 451
462 452
463 453
464 454
465 455
466 455
467 456
468 457
469 458
470 459
471 460
472 461
473 462
474 462
475 463
476 464
477 465
478 466
479 467
480 468
481 469
482 469
483 470
484 471
485 472
486 473
487 474
488 475
489 476
490 476
491 477
492 478
493 479
494 480
495 481
496 482
497 483
498 483
499 484
500 485
501 486
502 487
503 488
504 489
505 490
506 490
507 491
508 492
509 493
510 494
511 495
512 496
513 497
514 497
515 498
516 499
517 500
518 501
519 502
520 503
521 504
522 504
523 505
524 506
525 507
526 508
527 509
528 510
529 510
530 511
531 512
532 513
533 514
534 515
535 516
536 517
537 517
538 518
539 519
540 520
541 521
542 522
543 523
544 524
545 524
546 525
547 526
548 527
549 528
550 529
551 530
552 531
553 531
554 532
555 533
556 534
557 535
558 536
559 537
560 538
561 538
562 539
563 540
564 541
565 542
566 543
567 544
568 545
569 545
570 546
571 547
572 548
573 549
574 550
575 551
576 551
577 552
578 553
579 554
580 555
581 556
582 557
583 558
584 558
585 559
586 560
587 561
588 562
589 563
590 564
591 565
592 565
593 566
594 567
595 568
596 569
597 570
598 571
599 572
600 572
601 573
602 574
603 575
604 576
605 577
606 578
607 579
608 579
609 580
610 581
611 582
612 583
613 584
614 585
615 586
616 586
617 587
618 588
619 589
620 590
621 591
622 592
623 593
624 593
625 594
626 595
627 596
628 597
629 598
630 599
631 599
632 600
633 601
634 602
635 603
636 604
637 605
638 606
639 606
640 607
641 608
642 609
643 610
644 611
645 612
646 613
647 613
648 614
649 615
650 616
651 617
652 618
653 619
654 620
655 620
656 621
657 622
658 623
659 624
660 625
661 626
662 627
663 627
664 628
665 629
666 630
667 631
668 632
669 633
670 634
671 634
672 635
673 636
674 637
675 638
676 639
677 640
678 641
679 641
680 642
681 643
682 644
683 645
684 646
685 647
686 648
687 649
688 650
689 651
690 652
691 653
692 654
693 655
694 656
695 656
696 657
697 658
698 659
699 660
700 661
701 662
702 663
703 664
704 665
705 666
706 667
707 668
708 669
709 670
710 671
711 671
712 672
713 673
714 674
715 675
716 676
717 677
718 678
719 679
720 680
721 681
722 682
723 683
724 684
725 685
726 686
727 687
728 687
729 688
730 689
731 690
732 691
733 692
734 693
735 694
736 695
737 696
738 697
739 698
740 699
741 700
742 701
743 702
744 702
745 703
746 704
747 705
748 706
749 707
750 708
751 709
752 710
753 711
754 712
755 713
756 714
757 715
758 716
759 717
760 718
761 718
762 719
763 720
764 721
765 722
766 723
767 724
768 725
769 726
770 727
771 728
772 729
773 730
774 731
775 732
776 733
777 733
778 734
779 735
780 736
781 737
782 738
783 739
784 740
785 741
786 742
787 743
788 744
789 745
790 746
791 747
792 748
793 749
794 749
795 750
796 751
797 752
798 753
799 754
800 755
801 756
802 757
803 758
804 759
805 760
806 761
807 762
808 763
809 764
810 764
811 765
812 766
813 767
814 768
815 769
816 770
817 771
818 772
819 773
820 774
821 775
822 776
823 777
824 778
825 779
826 780
827 780
828 781
829 782
830 783
831 784
832 785
833 786
834 787
835 788
836 789
837 790
838 791
839 792
840 793
841 794
842 795
843 795
844 796
845 797
846 798
847 799
848 800
849 801
850 802
851 803
852 804
853 805
854 806
855 807
856 808
857 809
858 810
859 811
860 811
861 812
862 813
863 814
864 815
865 816
866 817
867 818
868 819
869 820
870 821
871 822
872 823
873 824
874 825
875 826
876 826
877 827
878 828
879 829
880 830
881 831
882 832
883 833
884 834
885 835
886 836
887 837
888 838
889 839
890 840
891 841
892 841
893 842
894 843
895 844
896 845
897 846
898 847
899 848
900 849
901 850
902 851
903 852
904 853
905 854
906 855
907 856
908 857
909 857
910 858
911 859
912 860
913 861
914 862
915 863
916 864
917 865
918 866
919 867
920 868
921 869
922 870
923 871
924 872
925 872
926 873
927 874
928 875
929 876
930 877
931 878
932 879
933 880
934 881
935 882
936 883
937 884
938 885
939 886
940 887
941 888
942 888
943 889
944 890
945 891
946 892
947 893
948 894
949 895
950 896
951 897
952 898
953 899
954 900
955 901
956 902
957 903
958 903
959 904
960 905
961 906
962 907
963 908
964 909
965 910
966 911
967 912
968 913
969 914
970 915
971 916
972 917
973 918
974 919
975 919
976 920
977 921
978 922
979 923
980 924
981 925
982 926
983 927
984 928
985 929
986 930
987 931
988 932
989 933
990 934
991 934
992 935
993 936
994 937
995 938
996 939
997 940
998 941
999 942
1000 943
1001 944
1002 945
1003 946
1004 947
1005 948
1006 949
1007 950
1008 950
1009 951
1010 952
1011 953
1012 954
1013 955
1014 956
1015 957
1016 958
1017 959
1018 960
1019 961
1020 962
1021 963
1022 964
1023 965
1024 965
1025 966
1026 967
1027 968
1028 969
1029 970
1030 971
1031 972
1032 973
1033 974
1034 975
1035 976
1036 977
1037 978
1038 979
1039 980
1040 981
1041 982
1042 983
1043 984
1044 985
1045 986
1046 987
1047 988
1048 989
1049 990
1050 991
1051 992
1052 993
1053 994
1054 995
1055 996
1056 997
1057 998
1058 999
1059 1000
1060 1001
1061 1002
1062 1003
1063 1004
1064 1005
1065 1006
1066 1007
1067 1008
1068 1009
1069 1010
1070 1011
1071 1012
1072 1013
1073 1014
1074 1015
1075 1016
1076 1017
1077 1018
1078 1019
1079 1020
1080 1021
1081 1022
1082 1023
1083 1024
1084 1025
1085 1026
1086 1027
1087 1028
1088 1029
1089 1030
1090 1031
1091 1032
1092 1033
1093 1034
1094 1035
1095 1036
1096 1037
1097 1038
1098 1039
1099 1040
1100 1041
1101 1042
1102 1043
1103 1044
1104 1045
1105 1046
1106 1047
1107 1048
1108 1049
1109 1050
1110 1051
1111 1052
1112 1053
1113 1054
1114 1055
1115 1056
1116 1057
1117 1058
1118 1059
1119 1060
1120 1061
1121 1062
1122 1063
1123 1064
1124 1065
1125 1066
1126 1067
1127 1068
1128 1069
1129 1070
1130 1071
1131 1072
1132 1073
1133 1074
1134 1075
1135 1076
1136 1077
1137 1078
1138 1079
1139 1080
1140 1081
1141 1082
1142 1083
1143 1084
1144 1085
1145 1086
1146 1087
1147 1088
1148 1089
1149 1090
1150 1091
1151 1092
1152 1093
1153 1094
1154 1095
1155 1096
1156 1097
1157 1098
1158 1099
1159 1100
1160 1101
1161 1102
1162 1103
1163 1104
1164 1105
1165 1106
1166 1107
1167 1108
1168 1109
1169 1110
1170 1111
1171 1112
1172 1113
1173 1114
1174 1115
1175 1116
1176 1117
1177 1118
1178 1119
1179 1120
1180 1121
1181 1122
1182 1123
1183 1124
1184 1125
1185 1126
1186 1127
1187 1128
1188 1129
1189 1130
1190 1131
1191 1132
1192 1133
1193 1134
1194 1135
1195 1136
1196 1137
1197 1138
1198 1139
1199 1140
1200 1141
1201 1142
1202 1143
1203 1144
1204 1145
1205 1146
1206 1147
1207 1148
1208 1149
1209 1150
1210 1151
1211 1152
1212 1153
1213 1154
1214 1155
1215 1156
1216 1157
1217 1158
1218 1159
1219 1160
1220 1161
1221 1162
1222 1163
1223 1164
1224 1165
1225 1166
1226 1167
1227 1168
1228 1169
1229 1170
1230 1171
1231 1172
1232 1173
1233 1174
1234 1175
1235 1176
1236 1177
1237 1178
1238 1179
1239 1180
1240 1181
1241 1182
1242 1183
1243 1184
1244 1185
1245 1186
1246 1187
1247 1188
1248 1189
1249 1189
1250 1190
1251 1191
1252 1192
1253 1193
1254 1194
1255 1195
1256 1196
1257 1197
1258 1198
1259 1199
1260 1200
1261 1201
1262 1202
1263 1203
1264 1204
1265 1205
1266 1206
1267 1207
1268 1208
1269 1209
1270 1210
1271 1211
1272 1212
1273 1213
1274 1214
1275 1215
1276 1216
1277 1217
1278 1218
1279 1219
1280 1220
1281 1220
1282 1221
1283 1222
1284 1223
1285 1224
1286 1225
1287 1226
1288 1227
1289 1228
1290 1229
1291 1230
1292 1231
1293 1232
1294 1233
1295 1234
1296 1235
1297 1236
1298 1237
1299 1238
1300 1239
1301 1240
1302 1241
1303 1242
1304 1243
1305 1244
1306 1245
1307 1246
1308 1247
1309 1248
1310 1249
1311 1250
1312 1251
1313 1252
1314 1252
1315 1253
1316 1254
1317 1255
1318 1256
1319 1257
1320 1258
1321 1259
1322 1260
1323 1261
1324 1262
1325 1263
1326 1264
1327 1265
1328 1266
1329 1267
1330 1268
1331 1269
1332 1270
1333 1271
1334 1272
1335 1273
1336 1274
1337 1275
1338 1276
1339 1277
1340 1278
1341 1279
1342 1280
1343 1281
1344 1282
1345 1283
1346 1284
1347 1284
1348 1285
1349 1286
1350 1287
1351 1288
1352 1289
1353 1290
1354 1291
1355 1292
1356 1293
1357 1294
1358 1295
1359 1296
1360 1297
1361 1298
1362 1299
1363 1300
1364 1301
1365 1302
1366 1303
1367 1304
1368 1305
1369 1306
1370 1307
1371 1308
1372 1309
1373 1310
1374 1311
1375 1312
1376 1313
1377 1314
1378 1315
1379 1316
1380 1316
1381 1317
1382 1318
1383 1319
1384 1320
1385 1321
1386 1322
1387 1323
1388 1324
1389 1325
1390 1326
1391 1327
1392 1328
1393 1329
1394 1330
1395 1331
1396 1332
1397 1333
1398 1334
1399 1335
1400 1336
1401 1337
1402 1338
1403 1339
1404 1340
1405 1341
1406 1342
1407 1343
1408 1344
1409 1345
1410 1346
1411 1347
1412 1348
1413 1348
1414 1349
1415 1350
1416 1351
1417 1352
1418 1353
1419 1354
1420 1355
1421 1356
1422 1357
1423 1358
1424 1359
1425 1360
1426 1361
1427 1362
1428 1363
1429 1364
1430 1365
1431 1366
1432 1367
1433 1368
1434 1369
1435 1370
1436 1371
1437 1372
1438 1373
1439 1374
1440 1375
1441 1376
1442 1377
1443 1378
1444 1379
1445 1380
1446 1380
1447 1381
1448 1382
1449 1383
1450 1384
1451 1385
1452 1386
1453 1387
1454 1388
1455 1389
1456 1390
1457 1391
1458 1392
1459 1393
1460 1394
1461 1395
1462 1396
1463 1397
1464 1398
1465 1399
1466 1400
1467 1401
1468 1402
1469 1403
1470 1404
1471 1405
1472 1406
1473 1407
1474 1408
1475 1409
1476 1410
1477 1411
1478 1412
1479 1412
1480 1413
1481 1414
1482 1415
1483 1416
1484 1417
1485 1418
1486 1419
1487 1420
1488 1421
1489 1422
1490 1423
1491 1424
1492 1425
1493 1426
1494 1427
1495 1428
1496 1429
1497 1430
1498 1431
1499 1432
1500 1433
1501 1434
1502 1435
1503 1436
1504 1437
1505 1438
1506 1439
1507 1440
1508 1441
1509 1442
1510 1443
1511 1444
1512 1444
1513 1445
1514 1446
1515 1447
1516 1448
1517 1449
1518 1450
1519 1451
1520 1452
1521 1453
1522 1454
1523 1455
1524 1456
1525 1457
1526 1458
1527 1459
1528 1460
1529 1461
1530 1462
1531 1463
1532 1464
1533 1465
1534 1466
1535 1467
1536 1468
1537 1469
1538 1470
1539 1471
1540 1472
1541 1473
1542 1474
1543 1475
1544 1476
1545 1476
1546 1477
1547 1478
1548 1479
1549 1480
1550 1481
1551 1482
1552 1483
1553 1484
1554 1485
1555 1486
1556 1487
1557 1488
1558 1489
1559 1490
1560 1491
1561 1492
1562 1493
1563 1494
1564 1495
1565 1496
1566 1497
1567 1498
1568 1499
1569 1500
1570 1501
1571 1502
1572 1503
1573 1504
1574 1505
1575 1506
1576 1507
1577 1508
1578 1508
1579 1509
1580 1510
1581 1511
1582 1512
1583 1513
1584 1514
1585 1515
1586 1516
1587 1517
1588 1518
1589 1519
1590 1520
1591 1521
1592 1522
1593 1523
1594 1524
1595 1525
1596 1526
1597 1527
1598 1528
1599 1529
1600 1530
1601 1531
1602 1532
1603 1533
1604 1534
1605 1535
1606 1536
1607 1537
1608 1538
1609 1539
1610 1540
1611 1540
1612 1541
1613 1542
1614 1543
1615 1544
1616 1545
1617 1546
1618 1547
1619 1548
1620 1549
1621 1550
1622 1551
1623 1552
1624 1553
1625 1554
1626 1555
1627 1556
1628 1557
1629 1558
1630 1559
1631 1560
1632 1561
1633 1562
1634 1563
1635 1564
1636 1565
1637 1566
1638 1567
1639 1568
1640 1569
1641 1570
1642 1571
1643 1572
1644 1572
1645 1573
1646 1574
1647 1575
1648 1576
1649 1577
1650 1578
1651 1579
1652 1580
1653 1581
1654 1582
1655 1583
1656 1584
1657 1585
1658 1586
1659 1587
1660 1588
1661 1589
1662 1590
1663 1591
1664 1592
1665 1593
1666 1594
1667 1595
1668 1596
1669 1597
1670 1598
1671 1599
1672 1600
1673 1601
1674 1602
1675 1603
1676 1604
1677 1604
1678 1605
1679 1606
1680 1607
1681 1608
1682 1609
1683 1610
1684 1611
1685 1612
1686 1613
1687 1614
1688 1615
1689 1616
1690 1617
1691 1618
1692 1619
1693 1620
1694 1621
1695 1622
1696 1623
1697 1624
1698 1625
1699 1626
1700 1627
1701 1628
1702 1629
1703 1630
1704 1631
1705 1632
1706 1633
1707 1634
1708 1635
1709 1636
1710 1637
1711 1638
1712 1639
1713 1640
1714 1641
1715 1642
1716 1643
1717 1644
1718 1645
1719 1646
1720 1647
1721 1648
1722 1649
1723 1650
1724 1651
1725 1652
1726 1653
1727 1654
1728 1655
1729 1656
1730 1657
1731 1658
1732 1659
1733 1660
1734 1661
1735 1662
1736 1663
1737 1664
1738 1665
1739 1666
1740 1667
1741 1668
1742 1669
1743 1670
1744 1671
1745 1672
1746 1673
1747 1674
1748 1675
1749 1676
1750 1677
1751 1678
1752 1679
1753 1680
1754 1681
1755 1682
1756 1683
1757 1684
1758 1685
1759 1686
1760 1687
1761 1688
1762 1689
1763 1690
1764 1691
1765 1692
1766 1693
1767 1694
1768 1695
1769 1696
1770 1697
1771 1698
1772 1699
1773 1700
1774 1701
1775 1702
1776 1703
1777 1704
1778 1705
1779 1706
1780 1707
1781 1708
1782 1709
1783 1710
1784 1711
1785 1712
1786 1713
1787 1714
1788 1715
1789 1716
1790 1717
1791 1718
1792 1719
1793 1720
1794 1721
1795 1722
1796 1723
1797 1724
1798 1725
1799 1726
1800 1727
1801 1728
1802 1729
1803 1730
1804 1731
1805 1732
1806 1733
1807 1734
1808 1735
1809 1736
1810 1737
1811 1738
1812 1739
1813 1740
1814 1741
1815 1742
1816 1743
1817 1744
1818 1745
1819 1746
1820 1747
1821 1748
1822 1749
1823 1750
1824 1751
1825 1752
1826 1753
1827 1754
1828 1755
1829 1756
1830 1757
1831 1758
1832 1759
1833 1760
1834 1761
1835 1762
1836 1763
1837 1764
1838 1765
1839 1766
1840 1767
1841 1768
1842 1769
1843 1770
1844 1771
1845 1772
1846 1773
1847 1774
1848 1775
1849 1776
1850 1777
1851 1778
1852 1779
1853 1780
1854 1781
1855 1782
1856 1783
1857 1784
1858 1785
1859 1786
1860 1787
1861 1788
1862 1789
1863 1790
1864 1791
1865 1792
1866 1793
1867 1794
1868 1795
1869 1796
1870 1797
1871 1798
1872 1799
1873 1800
1874 1801
1875 1802
1876 1803
1877 1804
1878 1805
1879 1806
1880 1807
1881 1808
1882 1809
1883 1810
1884 1811
1885 1812
1886 1813
1887 1815
1888 1816
1889 1817
1890 1818
1891 1819
1892 1820
1893 1821
1894 1822
1895 1823
1896 1824
1897 1825
1898 1826
1899 1827
1900 1828
1901 1829
1902 1830
1903 1831
1904 1832
1905 1833
1906 1834
1907 1835
1908 1836
1909 1837
1910 1838
1911 1839
1912 1840
1913 1841
1914 1842
1915 1843
1916 1844
1917 1845
1918 1846
1919 1847
1920 1848
1921 1849
1922 1850
1923 1851
1924 1852
1925 1854
1926 1855
1927 1856
1928 1857
1929 1858
1930 1859
1931 1860
1932 1861
1933 1862
1934 1863
1935 1864
1936 1865
1937 1866
1938 1867
1939 1868
1940 1869
1941 1870
1942 1871
1943 1872
1944 1873
1945 1874
1946 1875
1947 1876
1948 1877
1949 1878
1950 1879
1951 1880
1952 1881
1953 1882
1954 1883
1955 1884
1956 1885
1957 1886
1958 1887
1959 1888
1960 1889
1961 1890
1962 1891
1963 1893
1964 1894
1965 1895
1966 1896
1967 1897
1968 1898
1969 1899
1970 1900
1971 1901
1972 1902
1973 1903
1974 1904
1975 1905
1976 1906
1977 1907
1978 1908
1979 1909
1980 1910
1981 1911
1982 1912
1983 1913
1984 1914
1985 1915
1986 1916
1987 1917
1988 1918
1989 1919
1990 1920
1991 1921
1992 1922
1993 1923
1994 1924
1995 1925
1996 1926
1997 1927
1998 1928
1999 1929
2000 1930
2001 1932
2002 1933
2003 1934
2004 1935
2005 1936
2006 1937
2007 1938
2008 1939
2009 1940
2010 1941
2011 1942
2012 1943
2013 1944
2014 1945
2015 1946
2016 1947
2017 1948
2018 1949
2019 1950
2020 1951
2021 1952
2022 1953
2023 1954
2024 1955
2025 1956
2026 1957
2027 1958
2028 1959
2029 1960
2030 1961
2031 1962
2032 1963
2033 1964
2034 1965
2035 1966
2036 1967
2037 1968
2038 1969
2039 1970
2040 1972
2041 1973
2042 1974
2043 1975
2044 1976
2045 1977
2046 1978
2047 1979
2048 1980
2049 1981
2050 1982
2051 1983
2052 1984
2053 1985
2054 1986
2055 1987
2056 1988
2057 1989
2058 1990
2059 1991
2060 1992
2061 1993
2062 1994
2063 1995
2064 1996
2065 1997
2066 1998
2067 1999
2068 2000
2069 2001
2070 2002
2071 2003
2072 2004
2073 2005
2074 2006
2075 2007
2076 2008
2077 2009
2078 2011
2079 2012
2080 2013
2081 2014
2082 2015
2083 2016
2084 2017
2085 2018
2086 2019
2087 2020
2088 2021
2089 2022
2090 2023
2091 2024
2092 2025
2093 2026
2094 2027
2095 2028
2096 2029
2097 2030
2098 2031
2099 2032
2100 2033
2101 2034
2102 2035
2103 2036
2104 2037
2105 2038
2106 2039
2107 2040
2108 2041
2109 2042
2110 2043
2111 2044
2112 2045
2113 2046
2114 2047
2115 2048
2116 2050
2117 2051
2118 2052
2119 2053
2120 2054
2121 2055
2122 2056
2123 2057
2124 2058
2125 2059
2126 2060
2127 2061
2128 2062
2129 2063
2130 2064
2131 2065
2132 2066
2133 2067
2134 2068
2135 2069
2136 2070
2137 2071
2138 2072
2139 2073
2140 2074
2141 2075
2142 2076
2143 2077
2144 2078
2145 2079
2146 2080
2147 2081
2148 2082
2149 2083
2150 2084
2151 2085
2152 2086
2153 2087
2154 2089
2155 2089
2156 2090
2157 2091
2158 2092
2159 2092
2160 2093
2161 2094
2162 2095
2163 2095
2164 2096
2165 2097
2166 2098
2167 2098
2168 2099
2169 2100
2170 2101
2171 2101
2172 2102
2173 2103
2174 2104
2175 2104
2176 2105
2177 2106
2178 2107
2179 2107
2180 2108
2181 2109
2182 2110
2183 2110
2184 2111
2185 2112
2186 2113
2187 2113
2188 2114
2189 2115
2190 2116
2191 2116
2192 2117
2193 2118
2194 2119
2195 2119
2196 2120
2197 2121
2198 2122
2199 2122
2200 2123
2201 2124
2202 2125
2203 2125
2204 2126
2205 2127
2206 2128
2207 2128
2208 2129
2209 2130
2210 2131
2211 2131
2212 2132
2213 2133
2214 2134
2215 2134
2216 2135
2217 2136
2218 2137
2219 2137
2220 2138
2221 2139
2222 2140
2223 2140
2224 2141
2225 2142
2226 2143
2227 2143
2228 2144
2229 2145
2230 2146
2231 2146
2232 2147
2233 2148
2234 2149
2235 2149
2236 2150
2237 2151
2238 2152
2239 2152
2240 2153
2241 2154
2242 2155
2243 2155
2244 2156
2245 2157
2246 2158
2247 2158
2248 2158
2249 2158
2250 2158
2251 2158
2252 2158
2253 2158
2254 2158
2255 2158
2256 2158
2257 2158
2258 2158
2259 2158
2260 2158
2261 2158
2262 2159
2263 2159
2264 2159
2265 2159
2266 2159
2267 2159
2268 2159
2269 2159
2270 2159
2271 2159
2272 2159
2273 2159
2274 2159
2275 2159
2276 2159
2277 2160
2278 2161
2279 2162
2280 2163
2281 2164
2282 2165
2283 2166
2284 2167
2285 2168
2286 2169
2287 2170
2288 2171
2289 2172
2290 2173
2291 2174
2292 2175
2293 2176
2294 2177
2295 2178
2296 2179
2297 2180
2298 2181
2299 2182
2300 2183
2301 2184
2302 2185
2303 2186
2304 2187
2305 2188
2306 2189
2307 2190
2308 2191
2309 2193
2310 2194
2311 2195
2312 2196
2313 2197
2314 2198
2315 2199
2316 2200
2317 2201
2318 2202
2319 2203
2320 2204
2321 2205
2322 2206
2323 2207
2324 2208
2325 2209
2326 2210
2327 2211
2328 2212
2329 2213
2330 2214
2331 2215
2332 2216
2333 2217
2334 2218
2335 2219
2336 2220
2337 2221
2338 2222
2339 2223
2340 2225
2341 2226
2342 2227
2343 2228
2344 2229
2345 2230
2346 2231
2347 2232
2348 2233
2349 2234
2350 2235
2351 2236
2352 2237
2353 2238
2354 2239
2355 2240
2356 2241
2357 2242
2358 2243
2359 2244
2360 2245
2361 2246
2362 2247
2363 2248
2364 2249
2365 2250
2366 2251
2367 2252
2368 2253
2369 2254
2370 2255
2371 2257
2372 2258
2373 2259
2374 2260
2375 2261
2376 2262
2377 2263
2378 2264
2379 2265
2380 2266
2381 2267
2382 2268
2383 2269
2384 2270
2385 2271
2386 2272
2387 2273
2388 2274
2389 2275
2390 2276
2391 2277
2392 2278
2393 2279
2394 2280
2395 2281
2396 2282
2397 2283
2398 2284
2399 2286
2400 2287
2401 2288
2402 2289
2403 2290
2404 2291
2405 2292
2406 2293
2407 2294
2408 2295
2409 2296
2410 2297
2411 2298
2412 2299
2413 2300
2414 2301
2415 2302
2416 2303
2417 2304
2418 2305
2419 2306
2420 2307
2421 2308
2422 2309
2423 2310
2424 2311
2425 2312
2426 2313
2427 2315
2428 2316
2429 2317
2430 2318
2431 2319
2432 2320
2433 2321
2434 2322
2435 2323
2436 2324
2437 2325
2438 2326
2439 2327
2440 2328
2441 2329
2442 2330
2443 2331
2444 2332
2445 2333
2446 2334
2447 2335
2448 2336
2449 2337
2450 2338
2451 2339
2452 2340
2453 2341
2454 2342
2455 2344
2456 2345
2457 2346
2458 2347
2459 2348
2460 2349
2461 2350
2462 2351
2463 2352
2464 2353
2465 2354
2466 2355
2467 2356
2468 2357
2469 2358
2470 2359
2471 2360
2472 2361
2473 2362
2474 2363
2475 2364
2476 2365
2477 2366
2478 2367
2479 2368
2480 2369
2481 2370
2482 2371
2483 2373
2484 2374
2485 2375
2486 2376
2487 2377
2488 2378
2489 2379
2490 2380
2491 2381
2492 2382
2493 2383
2494 2384
2495 2385
2496 2386
2497 2387
2498 2388
2499 2389
2500 2390
2501 2391
2502 2392
2503 2393
2504 2394
2505 2395
2506 2396
2507 2397
2508 2398
2509 2399
2510 2401
2511 2402
2512 2403
2513 2404
2514 2405
2515 2406
2516 2407
2517 2408
2518 2409
2519 2410
2520 2411
2521 2412
2522 2413
2523 2414
2524 2415
2525 2416
2526 2417
2527 2418
2528 2419
2529 2421
2530 2422
2531 2423
2532 2424
2533 2425
2534 2426
2535 2427
2536 2428
2537 2429
2538 2430
2539 2431
2540 2432
2541 2433
2542 2434
2543 2435
2544 2436
2545 2437
2546 2438
2547 2439
2548 2441
2549 2442
2550 2443
2551 2444
2552 2445
2553 2446
2554 2447
2555 2448
2556 2449
2557 2450
2558 2451
2559 2452
2560 2453
2561 2454
2562 2455
2563 2456
2564 2457
2565 2458
2566 2460
2567 2461
2568 2462
2569 2463
2570 2464
2571 2465
2572 2466
2573 2467
2574 2468
2575 2469
2576 2470
2577 2471
2578 2472
2579 2473
2580 2474
2581 2475
2582 2476
2583 2477
2584 2478
2585 2480
2586 2481
2587 2482
2588 2483
2589 2484
2590 2485
2591 2486
2592 2487
2593 2488
2594 2489
2595 2490
2596 2491
2597 2492
2598 2493
2599 2494
2600 2495
2601 2496
2602 2497
2603 2499
2604 2500
2605 2501
2606 2502
2607 2503
2608 2504
2609 2505
2610 2506
2611 2507
2612 2508
2613 2509
2614 2510
2615 2511
2616 2512
2617 2513
2618 2514
2619 2515
2620 2516
2621 2517
2622 2519
2623 2520
2624 2521
2625 2522
2626 2523
2627 2524
2628 2525
2629 2526
2630 2527
2631 2528
2632 2529
2633 2530
2634 2531
2635 2532
2636 2533
2637 2534
2638 2535
2639 2536
2640 2537
2641 2539
2642 2540
2643 2541
2644 2542
2645 2543
2646 2544
2647 2545
2648 2546
2649 2547
2650 2548
2651 2549
2652 2550
2653 2551
2654 2552
2655 2553
2656 2554
2657 2555
2658 2556
2659 2558
2660 2559
2661 2560
2662 2561
2663 2562
2664 2563
2665 2564
2666 2565
2667 2566
2668 2567
2669 2568
2670 2569
2671 2570
2672 2571
2673 2572
2674 2573
2675 2574
2676 2575
2677 2576
2678 2578
2679 2579
2680 2580
2681 2581
2682 2582
2683 2583
2684 2584
2685 2585
2686 2586
2687 2587
2688 2588
2689 2589
2690 2590
2691 2591
2692 2592
2693 2593
2694 2594
2695 2595
2696 2597
2697 2598
2698 2599
2699 2600
2700 2601
2701 2602
2702 2603
2703 2604
2704 2605
2705 2606
2706 2607
2707 2608
2708 2609
2709 2610
2710 2611
2711 2612
2712 2613
2713 2614
2714 2615
2715 2617
2716 2618
2717 2619
2718 2620
2719 2621
2720 2622
2721 2623
2722 2624
2723 2625
2724 2626
2725 2627
2726 2628
2727 2629
2728 2630
2729 2631
2730 2632
2731 2633
2732 2634
2733 2636
2734 2637
2735 2638
2736 2639
2737 2640
2738 2641
2739 2642
2740 2643
2741 2644
2742 2645
2743 2646
2744 2647
2745 2648
2746 2649
2747 2650
2748 2651
2749 2652
2750 2654
2751 2655
2752 2656
2753 2657
2754 2658
2755 2659
2756 2660
2757 2661
2758 2662
2759 2663
2760 2664
2761 2665
2762 2666
2763 2667
2764 2668
2765 2669
2766 2671
2767 2672
2768 2673
2769 2674
2770 2675
2771 2676
2772 2677
2773 2678
2774 2679
2775 2680
2776 2681
2777 2682
2778 2683
2779 2684
2780 2685
2781 2686
2782 2687
2783 2689
2784 2690
2785 2691
2786 2692
2787 2693
2788 2694
2789 2695
2790 2696
2791 2697
2792 2698
2793 2699
2794 2700
2795 2701
2796 2702
2797 2703
2798 2704
2799 2706
2800 2707
2801 2708
2802 2709
2803 2710
2804 2711
2805 2712
2806 2713
2807 2714
2808 2715
2809 2716
2810 2717
2811 2718
2812 2719
2813 2720
2814 2721
2815 2722
2816 2724
2817 2725
2818 2726
2819 2727
2820 2728
2821 2729
2822 2730
2823 2731
2824 2732
2825 2733
2826 2734
2827 2735
2828 2736
2829 2737
2830 2738
2831 2739
2832 2741
2833 2742
2834 2743
2835 2744
2836 2745
2837 2746
2838 2747
2839 2748
2840 2749
2841 2750
2842 2751
2843 2752
2844 2753
2845 2754
2846 2756
2847 2757
2848 2758
2849 2759
2850 2760
2851 2761
2852 2762
2853 2763
2854 2764
2855 2765
2856 2766
2857 2767
2858 2768
2859 2770
2860 2771
2861 2772
2862 2773
2863 2774
2864 2775
2865 2776
2866 2777
2867 2778
2868 2779
2869 2780
2870 2781
2871 2782
2872 2784
2873 2785
2874 2786
2875 2787
2876 2788
2877 2789
2878 2790
2879 2791
2880 2792
2881 2793
2882 2794
2883 2795
2884 2796
2885 2798
2886 2799
2887 2800
2888 2801
2889 2802
2890 2803
2891 2804
2892 2805
2893 2806
2894 2807
2895 2808
2896 2809
2897 2810
2898 2812
2899 2813
2900 2814
2901 2815
2902 2816
2903 2817
2904 2818
2905 2819
2906 2820
2907 2821
2908 2822
2909 2823
2910 2824
2911 2826
2912 2827
2913 2828
2914 2829
2915 2830
2916 2831
2917 2832
2918 2833
2919 2834
2920 2835
2921 2836
2922 2837
2923 2838
2924 2840
2925 2841
2926 2842
2927 2843
2928 2844
2929 2845
2930 2846
2931 2847
2932 2848
2933 2849
2934 2850
2935 2851
2936 2852
2937 2854
2938 2855
2939 2856
2940 2857
2941 2858
2942 2859
2943 2860
2944 2861
2945 2862
2946 2863
2947 2864
2948 2865
2949 2866
2950 2868
2951 2869
2952 2870
2953 2871
2954 2872
2955 2873
2956 2874
2957 2875
2958 2876
2959 2877
2960 2878
2961 2879
2962 2880
2963 2882
2964 2883
2965 2884
2966 2885
2967 2886
2968 2887
2969 2888
2970 2889
2971 2890
2972 2891
2973 2892
2974 2893
2975 2894
2976 2896
2977 2897
2978 2898
2979 2899
2980 2900
2981 2901
2982 2902
2983 2903
2984 2904
2985 2905
2986 2906
2987 2907
2988 2908
2989 2910
2990 2911
2991 2912
2992 2913
2993 2914
2994 2915
2995 2916
2996 2917
2997 2918
2998 2919
2999 2920
3000 2921
3001 2922
3002 2924
3003 2925
3004 2926
3005 2927
3006 2928
3007 2929
3008 2930
3009 2931
3010 2932
3011 2933
3012 2934
3013 2935
3014 2936
3015 2938
3016 2939
3017 2940
3018 2941
3019 2942
3020 2943
3021 2944
3022 2945
3023 2946
3024 2947
3025 2948
3026 2949
3027 2950
3028 2952
3029 2953
3030 2954
3031 2955
3032 2956
3033 2957
3034 2958
3035 2959
3036 2960
3037 2962
3038 2963
3039 2964
3040 2965
3041 2966
3042 2967
3043 2968
3044 2969
3045 2970
3046 2972
3047 2973
3048 2974
3049 2975
3050 2976
3051 2977
3052 2978
3053 2979
3054 2980
3055 2982
3056 2983
3057 2984
3058 2985
3059 2986
3060 2987
3061 2988
3062 2989
3063 2991
3064 2992
3065 2993
3066 2994
3067 2995
3068 2996
3069 2997
3070 2998
3071 2999
3072 3001
3073 3002
3074 3003
3075 3004
3076 3005
3077 3006
3078 3007
3079 3008
3080 3009
3081 3011
3082 3012
3083 3013
3084 3014
3085 3015
3086 3016
3087 3017
3088 3018
3089 3019
3090 3021
3091 3022
3092 3023
3093 3024
3094 3025
3095 3026
3096 3027
3097 3028
3098 3030
3099 3031
3100 3032
3101 3033
3102 3034
3103 3035
3104 3036
3105 3037
3106 3038
3107 3040
3108 3041
3109 3042
3110 3043
3111 3044
3112 3045
3113 3046
3114 3047
3115 3048
3116 3050
3117 3051
3118 3052
3119 3053
3120 3054
3121 3055
3122 3056
3123 3057
3124 3058
3125 3060
3126 3061
3127 3062
3128 3063
3129 3064
3130 3065
3131 3066
3132 3067
3133 3069
3134 3070
3135 3071
3136 3072
3137 3073
3138 3074
3139 3075
3140 3076
3141 3077
3142 3079
3143 3080
3144 3081
3145 3082
3146 3083
3147 3084
3148 3085
3149 3086
3150 3087
3151 3089
3152 3090
3153 3091
3154 3092
3155 3093
3156 3094
3157 3095
3158 3096
3159 3098
3160 3099
3161 3100
3162 3101
3163 3102
3164 3103
3165 3104
3166 3105
3167 3106
3168 3108
3169 3109
3170 3110
3171 3111
3172 3112
3173 3113
3174 3114
3175 3115
3176 3116
3177 3118
3178 3119
3179 3120
3180 3121
3181 3122
3182 3123
3183 3124
3184 3125
3185 3126
3186 3128
3187 3129
3188 3130
3189 3131
3190 3132
3191 3133
3192 3134
3193 3135
3194 3137
3195 3138
3196 3139
3197 3140
3198 3141
3199 3142
3200 3143
3201 3144
3202 3145
3203 3147
3204 3148
3205 3149
3206 3150
3207 3151
3208 3152
3209 3153
3210 3154
3211 3155
3212 3157
3213 3158
3214 3159
3215 3160
3216 3161
3217 3162
3218 3163
3219 3164
3220 3165
3221 3167
3222 3168
3223 3169
3224 3170
3225 3171
3226 3172
3227 3173
3228 3174
3229 3176
3230 3177
3231 3178
3232 3179
3233 3180
3234 3181
3235 3182
3236 3183
3237 3184
3238 3186
3239 3187
3240 3188
3241 3189
3242 3190
3243 3191
3244 3192
3245 3193
3246 3194
3247 3196
3248 3197
3249 3198
3250 3199
3251 3200
3252 3201
3253 3202
3254 3203
3255 3204
3256 3206
3257 3207
3258 3208
3259 3209
3260 3210
3261 3211
3262 3212
3263 3213
3264 3215
3265 3216
3266 3217
3267 3218
3268 3219
3269 3220
3270 3221
3271 3222
3272 3223
3273 3225
3274 3226
3275 3227
3276 3228
3277 3229
3278 3230
3279 3231
3280 3232
3281 3233
3282 3235
3283 3236
3284 3237
3285 3238
3286 3239
3287 3240
3288 3241
3289 3242
3290 3244
3291 3245
3292 3246
3293 3247
3294 3248
3295 3249
3296 3250
3297 3251
3298 3252
3299 3254
3300 3255
3301 3256
3302 3257
3303 3258
3304 3259
3305 3260
3306 3261
3307 3262
3308 3264
3309 3265
3310 3266
3311 3267
3312 3268
3313 3269
3314 3270
3315 3271
3316 3272
3317 3274
3318 3275
3319 3276
3320 3277
3321 3278
3322 3279
3323 3280
3324 3281
3325 3283
3326 3284
3327 3285
3328 3286
3329 3287
3330 3288
3331 3289
3332 3290
3333 3291
3334 3293
3335 3294
3336 3295
3337 3296
3338 3297
3339 3298
3340 3299
3341 3300
3342 3301
3343 3303
3344 3304
3345 3305
3346 3306
3347 3307
3348 3308
3349 3309
3350 3310
3351 3311
3352 3313
3353 3314
3354 3315
3355 3316
3356 3317
3357 3318
3358 3319
3359 3320
3360 3322
3361 3323
3362 3324
3363 3325
3364 3326
3365 3327
3366 3328
3367 3329
3368 3330
3369 3332
3370 3333
3371 3334
3372 3335
3373 3336
3374 3337
3375 3338
3376 3339
3377 3340
3378 3342
3379 3343
3380 3344
3381 3345
3382 3346
3383 3347
3384 3348
3385 3349
3386 3351
3387 3352
3388 3353
3389 3354
3390 3355
3391 3356
3392 3358
3393 3359
3394 3360
3395 3361
3396 3362
3397 3363
3398 3365
3399 3366
3400 3367
3401 3368
3402 3369
3403 3370
3404 3372
3405 3373
3406 3374
3407 3375
3408 3376
3409 3377
3410 3379
3411 3380
3412 3381
3413 3382
3414 3383
3415 3384
3416 3386
3417 3387
3418 3388
3419 3389
3420 3390
3421 3391
3422 3393
3423 3394
3424 3395
3425 3396
3426 3397
3427 3398
3428 3400
3429 3401
3430 3402
3431 3403
3432 3404
3433 3405
3434 3407
3435 3408
3436 3409
3437 3410
3438 3411
3439 3412
3440 3414
3441 3415
3442 3416
3443 3417
3444 3418
3445 3419
3446 3421
3447 3422
3448 3423
3449 3424
3450 3425
3451 3426
3452 3428
3453 3429
3454 3430
3455 3431
3456 3432
3457 3433
3458 3435
3459 3436
3460 3437
3461 3438
3462 3439
3463 3440
3464 3442
3465 3443
3466 3444
3467 3445
3468 3446
3469 3447
3470 3449
3471 3450
3472 3451
3473 3452
3474 3453
3475 3454
3476 3456
3477 3457
3478 3458
3479 3459
3480 3460
3481 3461
3482 3463
3483 3464
3484 3465
3485 3466
3486 3467
3487 3468
3488 3470
3489 3471
3490 3472
3491 3473
3492 3474
3493 3475
3494 3477
3495 3478
3496 3479
3497 3480
3498 3481
3499 3482
3500 3484
3501 3485
3502 3486
3503 3487
3504 3488
3505 3489
3506 3491
3507 3492
3508 3493
3509 3494
3510 3495
3511 3496
3512 3498
3513 3499
3514 3500
3515 3501
3516 3502
3517 3503
3518 3505
3519 3506
3520 3507
3521 3508
3522 3509
3523 3510
3524 3512
3525 3513
3526 3514
3527 3515
3528 3516
3529 3517
3530 3519
3531 3520
3532 3521
3533 3522
3534 3523
3535 3524
3536 3526
3537 3527
3538 3528
3539 3529
3540 3530
3541 3531
3542 3533
3543 3534
3544 3535
3545 3536
3546 3537
3547 3538
3548 3540
3549 3541
3550 3542
3551 3543
3552 3544
3553 3545
3554 3547
3555 3548
3556 3549
3557 3550
3558 3551
3559 3552
3560 3554
3561 3555
3562 3556
3563 3557
3564 3558
3565 3559
3566 3561
3567 3562
3568 3563
3569 3564
3570 3565
3571 3566
3572 3568
3573 3569
3574 3570
3575 3571
3576 3572
3577 3573
3578 3575
3579 3576
3580 3577
3581 3578
3582 3579
3583 3580
3584 3582
3585 3583
3586 3584
3587 3585
3588 3586
3589 3587
3590 3589
3591 3590
3592 3591
3593 3592
3594 3593
3595 3594
3596 3596
3597 3597
3598 3598
3599 3599
3600 3600
3601 3601
3602 3602
3603 3603
3604 3604
3605 3606
3606 3607
3607 3608
3608 3609
3609 3610
3610 3611
3611 3612
3612 3613
3613 3614
3614 3616
3615 3617
3616 3618
3617 3619
3618 3620
3619 3621
3620 3622
3621 3623
3622 3624
3623 3626
3624 3627
3625 3628
3626 3629
3627 3630
3628 3631
3629 3632
3630 3633
3631 3634
3632 3636
3633 3637
3634 3638
3635 3639
3636 3640
3637 3641
3638 3642
3639 3643
3640 3644
3641 3646
3642 3647
3643 3648
3644 3649
3645 3650
3646 3651
3647 3652
3648 3653
3649 3655
3650 3656
3651 3657
3652 3658
3653 3659
3654 3660
3655 3661
3656 3662
3657 3663
3658 3665
3659 3666
3660 3667
3661 3668
3662 3669
3663 3670
3664 3671
3665 3672
3666 3673
3667 3675
3668 3676
3669 3677
3670 3678
3671 3679
3672 3680
3673 3681
3674 3682
3675 3683
3676 3685
3677 3686
3678 3687
3679 3688
3680 3689
3681 3690
3682 3691
3683 3692
3684 3693
3685 3695
3686 3696
3687 3697
3688 3698
3689 3699
3690 3700
3691 3701
3692 3702
3693 3704
3694 3704
3695 3705
3696 3706
3697 3706
3698 3707
3699 3708
3700 3709
3701 3709
3702 3710
3703 3711
3704 3711
3705 3712
3706 3713
3707 3714
3708 3714
3709 3715
3710 3716
3711 3716
3712 3717
3713 3718
3714 3719
3715 3719
3716 3720
3717 3721
3718 3721
3719 3722
3720 3723
3721 3724
3722 3724
3723 3725
3724 3726
3725 3726
3726 3727
3727 3728
3728 3729
3729 3729
3730 3730
3731 3731
3732 3731
3733 3732
3734 3733
3735 3734
3736 3734
3737 3735
3738 3736
3739 3736
3740 3737
3741 3738
3742 3739
3743 3739
3744 3740
3745 3741
3746 3741
3747 3742
3748 3743
3749 3744
3750 3744
3751 3745
3752 3746
3753 3746
3754 3747
3755 3748
3756 3749
3757 3749
3758 3750
3759 3751
3760 3751
3761 3752
3762 3753
3763 3754
3764 3754
3765 3755
3766 3756
3767 3756
3768 3757
3769 3758
3770 3759
3771 3759
3772 3760
3773 3761
3774 3761
3775 3762
3776 3763
3777 3764
3778 3764
3779 3765
3780 3766
3781 3766
3782 3767
3783 3768
3784 3769
3785 3769
3786 3770
3787 3771
3788 3771
3789 3772
3790 3773
3791 3774
3792 3774
3793 3775
3794 3776
3795 3776
3796 3777
3797 3778
3798 3779
3799 3779
3800 3780
3801 3781
3802 3781
3803 3782
3804 3783
3805 3784
3806 3784
3807 3785
3808 3786
3809 3786
3810 3787
3811 3788
3812 3789
3813 3789
3814 3790
3815 3791
3816 3791
3817 3792
3818 3793
3819 3794
3820 3794
3821 3795
3822 3796
3823 3796
3824 3797
3825 3798
3826 3799
3827 3799
3828 3800
3829 3801
3830 3801
3831 3802
3832 3803
3833 3804
3834 3804
3835 3805
3836 3806
