0 0
85 2482
174 2577
301 2718
438 2855
616 3033
823 4546
1639 5816
1938 6115
2284 6859
3071 11166
5405 13712
6134 15549
6889 16304
7766 17987
9553 19862
9875 21070
10413 21966
10596 22389
11000 23327
12424 24789
13010 25387
13327 27786
13756 28275
14136 28655
14969 29488
15587 30106
16060 30579
16247 31216
16510 31479
16694 31663
17134 32103
17294 32665
17300 32671
17476 33397
18072 34015
18107 34688
18117 34698
18255 34836
18792 35581
18823 35624
19026 35827
19786 36587
20300 37169
20314 37495
20416 38127
22097 39808
22185 39952
22461 40460
22483 40482
22690 40691
23111 41142
25409 43634
25716 43941
25747 43984
26630 44933
27124 45467
29083 47518
29560 48031
29721 48718
29805 48802
30261 49578
30443 49760
30922 50241
31534 50853
32212 51531
32693 52012
33136 52485
34290 53641
34797 54158
36122 55531
36263 -1
