0 0
0 535
80 637
187 778
299 988
432 1121
490 1795
492 1801
679 1994
922 2413
1641 3476
3540 5547
4237 6276
4454 6503
5284 7703
7815 10244
8120 10629
8508 11085
8672 11275
9171 11930
9626 12517
10361 13252
10430 15927
10451 16084
10580 16629
10598 17201
10693 17354
10698 17359
10863 17524
11317 18034
11422 18429
11475 18558
11927 20578
12544 21303
12693 21632
12740 21679
12801 21858
13673 22730
13946 23003
14013 23634
14553 24430
14593 24474
14602 24485
15462 25419
16251 26302
16365 26450
16381 26676
16499 26794
16987 27782
17421 28356
17600 28535
17765 28820
17774 28833
17982 29189
20638 32175
21418 32957
21684 33349
22925 34590
23443 35406
23658 35883
23674 35927
23691 36058
23864 36237
24486 36927
24858 37571
24964 37679
25171 38196
25206 38237
26352 39387
26749 39786
27695 40740
27731 -1
