0 0
0 0
0 0
0 0
1 0
1 0
1 0
2 1
2 1
3 1
3 2
3 2
4 2
4 3
4 3
5 3
5 3
5 4
6 4
6 4
7 4
7 4
8 4
8 4
9 4
10 4
11 4
12 4
13 4
14 4
15 4
16 4
16 5
17 5
17 5
18 6
18 6
19 6
19 6
19 7
20 7
20 7
20 7
21 8
21 8
21 8
22 8
22 9
23 9
23 9
23 10
24 10
24 10
24 11
25 11
25 11
25 11
26 12
26 12
26 12
27 13
27 13
28 14
28 14
29 14
29 15
30 15
30 16
31 17
33 18
34 19
36 20
37 22
39 23
40 24
42 26
44 27
46 29
48 30
49 32
51 33
52 34
53 34
53 35
54 35
54 35
55 36
55 36
55 37
56 37
56 37
56 38
57 38
57 38
57 39
58 39
58 39
58 40
59 40
59 40
60 41
60 41
60 41
61 42
61 42
62 42
62 42
63 42
63 43
64 43
65 43
65 43
66 43
66 43
66 43
67 44
67 44
68 44
68 44
68 44
69 44
69 45
69 45
70 45
70 46
70 46
71 46
71 47
71 47
72 47
72 47
72 48
73 48
73 48
73 49
74 49
74 49
75 50
75 50
75 51
76 51
76 51
77 52
77 53
78 54
79 55
80 57
82 59
83 61
84 63
86 65
87 66
88 68
90 70
91 72
92 73
93 75
94 76
94 76
95 77
95 78
96 78
96 79
96 79
97 79
97 80
98 80
98 80
98 81
99 81
99 81
99 81
100 82
100 82
100 82
101 82
101 83
101 83
102 83
102 83
102 84
103 84
103 84
103 84
104 85
104 85
104 85
105 85
105 86
105 86
106 86
106 87
106 87
107 88
107 88
107 88
108 89
108 89
108 90
109 90
109 91
110 91
110 91
111 92
112 92
113 92
114 93
115 93
116 93
117 94
118 94
120 94
121 95
122 95
123 95
124 96
124 96
125 97
125 98
126 98
126 99
127 100
127 100
128 101
128 101
128 102
129 102
129 103
130 103
130 103
130 103
131 103
131 103
132 104
132 104
133 104
134 104
134 104
135 104
136 104
136 104
137 104
137 104
138 104
138 104
139 105
139 105
140 105
140 105
141 105
141 105
142 105
143 105
145 105
146 105
147 105
148 105
149 105
150 106
150 106
151 106
152 106
153 106
154 106
155 106
156 106
157 106
158 106
159 106
160 106
160 107
161 107
162 108
162 108
163 109
163 110
164 111
164 112
165 112
165 113
166 113
167 114
168 114
169 114
169 114
170 114
171 114
171 116
172 117
172 119
173 125
174 126
174 126
175 126
176 127
176 127
177 127
179 127
179 127
180 127
181 137
182 139
183 139
184 139
185 139
187 140
188 145
189 145
190 145
191 145
193 145
194 145
195 145
196 146
197 146
198 146
198 147
199 147
199 148
199 149
200 150
200 150
201 151
201 152
202 152
202 153
203 160
203 163
204 163
205 163
207 163
208 163
210 163
212 163
213 163
215 163
217 163
218 163
220 163
221 164
222 165
223 167
223 168
224 169
225 174
225 174
226 175
226 175
226 176
227 176
227 176
228 176
228 176
229 176
229 177
230 177
230 177
231 177
231 177
232 177
233 177
234 177
236 177
237 177
239 177
240 177
241 177
243 177
245 177
246 177
248 177
249 177
251 177
252 177
253 177
253 177
254 177
254 178
255 178
255 178
256 179
256 179
256 179
257 183
257 206
257 206
258 207
258 207
259 207
259 207
259 208
259 208
260 208
260 209
260 209
261 209
261 209
261 210
262 210
262 210
262 210
263 211
263 211
263 211
263 212
264 212
264 212
264 212
265 213
265 213
265 213
266 213
266 214
266 214
267 214
267 214
267 214
267 215
268 215
268 215
268 215
269 215
269 215
269 216
270 216
270 216
270 216
271 216
271 217
272 217
272 217
272 217
273 217
273 218
273 218
274 218
274 218
274 219
275 219
275 219
275 219
276 219
276 220
276 220
277 220
277 220
277 220
278 221
278 221
278 221
279 221
279 222
279 222
280 222
280 222
280 222
281 223
281 223
281 223
281 223
282 223
282 224
282 224
283 224
283 224
283 224
284 224
284 225
284 225
285 225
285 225
285 226
286 226
286 226
286 226
287 226
287 227
287 227
288 227
288 227
288 227
289 228
289 228
289 228
290 228
290 229
290 229
291 229
291 230
291 230
292 230
292 231
292 231
293 231
293 232
293 232
294 232
294 233
294 233
295 234
295 234
296 234
296 235
296 235
297 236
297 236
298 236
298 236
299 236
300 236
300 236
301 236
302 236
302 236
303 237
303 237
303 238
304 238
304 238
304 239
305 239
305 240
305 240
306 240
306 241
306 241
307 242
307 242
307 243
308 243
308 243
308 244
309 244
309 245
309 245
310 245
310 245
311 245
311 246
311 246
312 246
312 246
313 247
313 247
314 248
315 248
316 248
317 248
317 248
318 249
319 249
320 249
321 249
321 249
322 249
322 249
323 250
323 250
324 250
324 250
325 251
326 251
326 251
327 251
328 251
329 251
330 251
331 252
331 252
332 252
332 253
333 253
333 254
334 254
334 255
334 255
335 255
335 256
336 256
336 257
336 257
337 257
337 258
338 258
338 259
338 259
339 259
339 260
340 260
340 261
340 261
341 261
341 262
342 262
342 262
342 263
343 263
343 263
343 264
344 264
344 264
344 265
345 265
345 265
345 265
346 266
346 266
347 266
347 266
347 267
348 267
348 267
348 268
349 268
349 268
350 268
350 269
350 269
351 269
351 270
352 270
352 270
353 271
353 271
353 271
354 271
354 272
354 272
355 272
355 273
356 273
356 273
356 273
357 274
357 274
357 274
358 274
358 275
358 275
359 275
359 275
360 276
360 276
361 276
361 276
361 277
362 277
