0 0
1 83
2 83
3 84
4 85
5 85
6 86
7 87
8 87
9 88
10 89
11 89
12 90
13 91
14 91
15 92
16 93
17 93
18 94
19 95
20 95
21 96
22 97
23 97
24 98
25 99
26 99
27 100
28 101
29 101
30 102
31 103
32 103
33 104
34 105
35 105
36 106
37 107
38 107
39 108
40 109
41 109
42 110
43 111
44 111
45 112
46 113
47 113
48 114
49 115
50 115
51 116
52 117
53 118
54 119
55 120
56 121
57 122
58 123
59 124
60 125
61 126
62 127
63 128
64 129
65 130
66 131
67 132
68 133
69 134
70 135
71 136
72 137
73 138
74 139
75 140
76 141
77 142
78 143
79 144
80 145
81 146
82 147
83 148
84 149
85 150
86 151
87 152
88 153
89 154
90 155
91 156
92 157
93 158
94 159
95 160
96 161
97 162
98 163
99 164
100 165
101 166
102 167
103 168
104 169
105 170
106 171
107 172
108 173
109 174
110 175
111 176
112 177
113 178
114 179
115 180
116 181
117 182
118 183
119 184
120 185
121 186
122 187
123 188
124 189
125 190
126 191
127 192
128 193
129 194
130 195
131 196
132 197
133 198
134 199
135 200
136 201
137 202
138 203
139 204
140 205
141 206
142 207
143 208
144 209
145 210
146 211
147 212
148 213
149 214
150 215
151 216
152 217
153 218
154 219
155 220
156 221
157 222
158 223
159 224
160 225
161 226
162 227
163 228
164 229
165 230
166 231
167 232
168 233
169 234
170 235
171 236
172 237
173 238
174 239
175 240
176 241
177 242
178 243
179 244
180 245
181 246
182 247
183 248
184 249
185 250
186 251
187 252
188 253
189 254
190 255
191 256
192 257
193 258
194 259
195 260
196 261
197 262
198 263
199 264
200 265
201 266
202 267
203 268
204 269
205 270
206 271
207 272
208 273
209 274
210 275
211 276
212 277
213 278
214 279
215 280
216 281
217 282
218 283
219 284
220 285
221 286
222 287
223 288
224 289
225 290
226 291
227 292
228 293
229 294
230 295
231 296
232 297
233 299
234 300
235 301
236 302
237 303
238 305
239 306
240 307
241 308
242 309
243 310
244 312
245 313
246 314
247 315
248 316
249 318
250 319
251 320
252 321
253 322
254 324
255 325
256 326
257 327
258 328
259 329
260 331
261 332
262 333
263 334
264 335
265 337
266 338
267 339
268 340
269 341
270 342
271 344
272 345
273 346
274 347
275 348
276 350
277 351
278 352
279 353
280 354
281 356
282 357
283 358
284 359
285 360
286 361
287 363
288 364
289 365
290 366
291 367
292 369
293 370
294 371
295 372
296 373
297 375
298 375
299 376
300 377
301 378
302 379
303 380
304 381
305 382
306 383
307 384
308 385
309 386
310 386
311 387
312 388
313 389
314 390
315 391
316 392
317 393
318 394
319 395
320 396
321 397
322 398
323 398
324 399
325 400
326 401
327 402
328 403
329 404
330 405
331 406
332 407
333 408
334 409
335 410
336 410
337 411
338 412
339 413
340 414
341 415
342 416
343 417
344 418
345 419
346 420
347 421
348 421
349 422
350 423
351 424
352 425
353 426
354 427
355 428
356 429
357 430
358 431
359 432
360 433
361 433
362 434
363 435
364 436
365 437
366 438
367 439
368 440
369 441
370 442
371 443
372 444
373 445
374 445
375 446
376 447
377 448
378 449
379 450
380 451
381 452
382 453
383 454
384 455
385 456
386 457
387 457
388 458
389 459
390 460
391 461
392 462
393 463
394 464
395 465
396 466
397 467
398 468
399 468
400 469
401 470
402 471
403 472
404 473
405 474
406 475
407 476
408 477
409 478
410 479
411 480
412 480
413 481
414 482
415 483
416 484
417 485
418 486
419 487
420 488
421 489
422 490
423 491
424 492
425 492
426 493
427 494
428 495
429 496
430 497
431 498
432 499
433 500
434 501
435 502
436 503
437 504
438 505
439 506
440 507
441 508
442 509
443 510
444 511
445 512
446 513
447 514
448 515
449 516
450 517
451 518
452 519
453 521
454 522
455 523
456 524
457 525
458 526
459 527
460 528
461 529
462 530
463 531
464 532
465 533
466 534
467 535
468 537
469 538
470 539
471 540
472 541
473 542
474 543
475 544
476 545
477 546
478 547
479 548
480 549
481 550
482 551
483 553
484 554
485 555
486 556
487 557
488 558
489 559
490 560
491 561
492 562
493 563
494 564
495 565
496 566
497 567
498 569
499 570
500 571
501 572
502 573
503 574
504 575
505 576
506 577
507 578
508 579
509 580
510 581
511 582
512 583
513 585
514 586
515 587
516 588
517 589
518 590
519 591
520 592
521 593
522 594
523 595
524 596
525 597
526 598
527 599
528 600
529 601
530 602
531 603
532 604
533 606
534 607
535 608
536 609
537 610
538 611
539 612
540 613
541 614
542 615
543 616
544 617
545 618
546 619
547 620
548 621
549 622
550 623
551 624
552 626
553 627
554 628
555 629
556 630
557 631
558 632
559 633
560 634
561 635
562 636
563 637
564 638
565 639
566 640
567 641
568 642
569 643
570 644
571 646
572 647
573 648
574 649
575 650
576 651
577 652
578 653
579 654
580 655
581 656
582 657
583 658
584 659
585 660
586 661
587 662
588 663
589 664
590 666
591 666
592 667
593 668
594 669
595 670
596 671
597 672
598 673
599 674
600 675
601 676
602 677
603 678
604 679
605 680
606 681
607 682
608 683
609 683
610 684
611 685
612 686
613 687
614 688
615 689
616 690
617 691
618 692
619 693
620 694
621 695
622 696
623 697
624 698
625 699
626 700
627 700
628 701
629 702
630 703
631 704
632 705
633 706
634 707
635 708
636 709
637 710
638 711
639 712
640 713
641 714
642 715
643 716
644 717
645 718
646 718
647 719
648 720
649 721
650 722
651 723
652 724
653 725
654 726
655 727
656 728
657 729
658 730
659 731
660 732
661 733
662 734
663 735
664 735
665 736
666 737
667 738
668 739
669 740
670 741
671 742
672 743
673 744
674 745
675 746
676 747
677 748
678 749
679 750
680 751
681 752
682 752
683 753
684 754
685 755
686 756
687 757
688 758
689 759
690 760
691 761
692 762
693 763
694 764
695 765
696 766
697 767
698 768
699 769
700 770
701 770
702 771
703 772
704 773
705 774
706 775
707 776
708 777
709 778
710 779
711 780
712 781
713 782
714 783
715 784
716 785
717 786
718 787
719 787
720 788
721 789
722 790
723 791
724 792
725 793
726 794
727 795
728 796
729 797
730 798
731 799
732 800
733 801
734 802
735 803
736 804
737 804
738 805
739 806
740 807
741 808
742 809
743 810
744 811
745 812
746 813
747 814
748 815
749 816
750 817
751 818
752 819
753 820
754 821
755 822
756 822
757 823
758 824
759 825
760 826
761 826
762 827
763 828
764 829
765 830
766 830
767 831
768 832
769 833
770 834
771 835
772 835
773 836
774 837
775 838
776 839
777 839
778 840
779 841
780 842
781 843
782 843
783 844
784 845
785 846
786 847
787 848
788 848
789 849
790 850
791 851
792 852
793 852
794 853
795 854
796 855
797 856
798 856
799 857
800 858
801 859
802 860
803 861
804 861
805 862
806 863
807 864
808 865
809 865
810 866
811 867
812 868
813 869
814 869
815 870
816 871
817 872
818 873
819 874
820 874
821 875
822 876
823 877
824 878
825 878
826 879
827 880
828 881
829 882
830 882
831 883
832 884
833 885
834 886
835 887
836 887
837 888
838 889
839 890
840 891
841 891
842 892
843 893
844 894
845 895
846 895
847 896
848 897
849 898
850 899
851 900
852 900
853 901
854 902
855 903
856 904
857 904
858 905
859 906
860 907
861 908
862 908
863 909
864 910
865 911
866 912
867 913
868 913
869 914
870 915
871 916
872 917
873 917
874 918
875 919
876 920
877 921
878 921
879 922
880 923
881 924
882 925
883 926
884 927
885 928
886 929
887 930
888 931
889 932
890 933
891 934
892 935
893 936
894 937
895 938
896 939
897 940
898 941
899 942
900 943
901 944
902 945
903 946
904 948
905 949
906 950
907 951
908 952
909 953
910 954
911 955
912 956
913 957
914 958
915 959
916 960
917 961
918 962
919 963
920 964
921 965
922 966
923 967
924 968
925 970
926 971
927 972
928 973
929 974
930 975
931 976
932 977
933 978
934 979
935 980
936 981
937 982
938 983
939 984
940 985
941 986
942 987
943 988
944 989
945 990
946 992
947 993
948 994
949 995
950 996
951 997
952 998
953 999
954 1000
955 1001
956 1002
957 1003
958 1004
959 1005
960 1006
961 1007
962 1008
963 1009
964 1010
965 1011
966 1012
967 1014
968 1015
969 1016
970 1017
971 1018
972 1019
973 1020
974 1021
975 1022
976 1023
977 1024
978 1025
979 1026
980 1027
981 1028
982 1029
983 1030
984 1031
985 1032
986 1033
987 1034
988 1036
989 1037
990 1038
991 1039
992 1040
993 1041
994 1042
995 1043
996 1044
997 1045
998 1046
999 1047
1000 1048
1001 1049
1002 1050
1003 1051
1004 1052
1005 1053
1006 1054
1007 1055
1008 1056
1009 1058
1010 1059
1011 1060
1012 1061
1013 1062
1014 1063
1015 1064
1016 1065
1017 1066
1018 1067
1019 1068
1020 1069
1021 1070
1022 1071
1023 1072
1024 1073
1025 1074
1026 1075
1027 1076
1028 1077
1029 1078
1030 1080
1031 1081
1032 1082
1033 1083
1034 1084
1035 1085
1036 1086
1037 1087
1038 1088
1039 1089
1040 1090
1041 1091
1042 1092
1043 1093
1044 1094
1045 1095
1046 1096
1047 1097
1048 1098
1049 1099
1050 1100
1051 1102
1052 1103
1053 1104
1054 1105
1055 1106
1056 1107
1057 1108
1058 1109
1059 1110
1060 1111
1061 1112
1062 1113
1063 1114
1064 1115
1065 1116
1066 1117
1067 1118
1068 1119
1069 1120
1070 1121
1071 1122
1072 1124
1073 1125
1074 1126
1075 1127
1076 1128
1077 1129
1078 1130
1079 1131
1080 1132
1081 1133
1082 1134
1083 1135
1084 1136
1085 1137
1086 1138
1087 1139
1088 1140
1089 1141
1090 1142
1091 1143
1092 1144
1093 1145
1094 1146
1095 1147
1096 1148
1097 1149
1098 1151
1099 1152
1100 1153
1101 1154
1102 1155
1103 1156
1104 1157
1105 1158
1106 1159
1107 1160
1108 1161
1109 1162
1110 1163
1111 1164
1112 1165
1113 1166
1114 1167
1115 1168
1116 1169
1117 1170
1118 1171
1119 1172
1120 1173
1121 1174
1122 1175
1123 1177
1124 1178
1125 1179
1126 1180
1127 1181
1128 1182
1129 1183
1130 1184
1131 1185
1132 1186
1133 1187
1134 1188
1135 1189
1136 1190
1137 1191
1138 1192
1139 1193
1140 1194
1141 1195
1142 1196
1143 1197
1144 1198
1145 1199
1146 1200
1147 1201
1148 1202
1149 1204
1150 1205
1151 1206
1152 1207
1153 1208
1154 1209
1155 1210
1156 1211
1157 1212
1158 1213
1159 1214
1160 1215
1161 1216
1162 1217
1163 1218
1164 1219
1165 1220
1166 1221
1167 1222
1168 1223
1169 1224
1170 1225
1171 1226
1172 1227
1173 1228
1174 1230
1175 1231
1176 1232
1177 1233
1178 1234
1179 1235
1180 1236
1181 1237
1182 1238
1183 1239
1184 1240
1185 1241
1186 1242
1187 1243
1188 1244
1189 1245
1190 1246
1191 1247
1192 1248
1193 1249
1194 1250
1195 1251
1196 1252
1197 1253
1198 1254
1199 1255
1200 1257
1201 1258
1202 1259
1203 1260
1204 1261
1205 1262
1206 1263
1207 1264
1208 1265
1209 1266
1210 1267
1211 1268
1212 1269
1213 1270
1214 1271
1215 1272
1216 1273
1217 1274
1218 1275
1219 1276
1220 1277
1221 1278
1222 1279
1223 1280
1224 1281
1225 1283
1226 1284
1227 1285
1228 1286
1229 1287
1230 1288
1231 1289
1232 1290
1233 1291
1234 1292
1235 1293
1236 1295
1237 1296
1238 1297
1239 1298
1240 1299
1241 1300
1242 1301
1243 1302
1244 1303
1245 1304
1246 1306
1247 1307
1248 1308
1249 1309
1250 1310
1251 1311
1252 1312
1253 1313
1254 1314
1255 1315
1256 1317
1257 1318
1258 1319
1259 1320
1260 1321
1261 1322
1262 1323
1263 1324
1264 1325
1265 1326
1266 1328
1267 1329
1268 1330
1269 1331
1270 1332
1271 1333
1272 1334
1273 1335
1274 1336
1275 1337
1276 1338
1277 1340
1278 1341
1279 1342
1280 1343
1281 1344
1282 1345
1283 1346
1284 1347
1285 1348
1286 1349
1287 1351
1288 1352
1289 1353
1290 1354
1291 1355
1292 1356
1293 1357
1294 1358
1295 1359
1296 1360
1297 1362
1298 1363
1299 1364
1300 1365
1301 1366
1302 1367
1303 1368
1304 1369
1305 1370
1306 1371
1307 1373
1308 1374
1309 1375
1310 1376
1311 1377
1312 1378
1313 1379
1314 1380
1315 1381
1316 1382
1317 1383
1318 1384
1319 1385
1320 1386
1321 1387
1322 1388
1323 1389
1324 1390
1325 1391
1326 1392
1327 1393
1328 1394
1329 1395
1330 1396
1331 1397
1332 1398
1333 1399
1334 1400
1335 1401
1336 1402
1337 1403
1338 1404
1339 1405
1340 1406
1341 1407
1342 1408
1343 1409
1344 1410
1345 1411
1346 1412
1347 1413
1348 1414
1349 1415
1350 1416
1351 1417
1352 1418
1353 1419
1354 1420
1355 1421
1356 1422
1357 1423
1358 1424
1359 1425
1360 1426
1361 1427
1362 1428
1363 1429
1364 1430
1365 1431
1366 1432
1367 1433
1368 1435
1369 1436
1370 1437
1371 1438
1372 1439
1373 1440
1374 1441
1375 1442
1376 1443
1377 1444
1378 1445
1379 1446
1380 1447
1381 1448
1382 1449
1383 1450
1384 1451
1385 1452
1386 1453
1387 1454
1388 1455
1389 1456
1390 1457
1391 1458
1392 1459
1393 1460
1394 1461
1395 1462
1396 1463
1397 1464
1398 1465
1399 1466
1400 1467
1401 1468
1402 1469
1403 1470
1404 1471
1405 1472
1406 1473
1407 1474
1408 1475
1409 1476
1410 1477
1411 1478
1412 1479
1413 1480
1414 1481
1415 1482
1416 1483
1417 1484
1418 1485
1419 1486
1420 1487
1421 1488
1422 1489
1423 1490
1424 1491
1425 1492
1426 1493
1427 1494
1428 1495
1429 1497
1430 1498
1431 1499
1432 1500
1433 1501
1434 1502
1435 1503
1436 1504
1437 1505
1438 1506
1439 1507
1440 1508
1441 1509
1442 1510
1443 1511
1444 1512
1445 1513
1446 1514
1447 1515
1448 1516
1449 1517
1450 1518
1451 1519
1452 1520
1453 1521
1454 1522
1455 1523
1456 1524
1457 1525
1458 1526
1459 1527
1460 1528
1461 1529
1462 1530
1463 1531
1464 1532
1465 1533
1466 1534
1467 1535
1468 1536
1469 1537
1470 1538
1471 1539
1472 1540
1473 1541
1474 1542
1475 1543
1476 1544
1477 1545
1478 1546
1479 1547
1480 1548
1481 1549
1482 1550
1483 1551
1484 1552
1485 1553
1486 1554
1487 1555
1488 1556
1489 1557
1490 1559
1491 1560
1492 1561
1493 1562
1494 1563
1495 1564
1496 1565
1497 1567
1498 1568
1499 1569
1500 1570
1501 1571
1502 1572
1503 1574
1504 1575
1505 1576
1506 1577
1507 1578
1508 1579
1509 1581
1510 1582
1511 1583
1512 1584
1513 1585
1514 1586
1515 1587
1516 1589
1517 1590
1518 1591
1519 1592
1520 1593
1521 1594
1522 1596
1523 1597
1524 1598
1525 1599
1526 1600
1527 1601
1528 1603
1529 1604
1530 1605
1531 1606
1532 1607
1533 1608
1534 1609
1535 1611
1536 1612
1537 1613
1538 1614
1539 1615
1540 1616
1541 1618
1542 1619
1543 1620
1544 1621
1545 1622
1546 1623
1547 1625
1548 1626
1549 1627
1550 1628
1551 1629
1552 1630
1553 1632
1554 1633
1555 1634
1556 1635
1557 1636
1558 1637
1559 1638
1560 1640
1561 1641
1562 1642
1563 1643
1564 1644
1565 1645
1566 1647
1567 1648
1568 1649
1569 1650
1570 1651
1571 1652
1572 1654
1573 1655
1574 1656
1575 1657
1576 1658
1577 1659
1578 1660
1579 1662
1580 1663
1581 1664
1582 1665
1583 1666
1584 1667
1585 1669
1586 1670
1587 1671
1588 1672
1589 1673
1590 1674
1591 1676
1592 1677
1593 1678
1594 1679
1595 1680
1596 1681
1597 1683
1598 1684
1599 1685
1600 1686
1601 1687
1602 1688
1603 1689
1604 1690
1605 1691
1606 1692
1607 1693
1608 1695
1609 1696
1610 1697
1611 1698
1612 1699
1613 1700
1614 1701
1615 1702
1616 1703
1617 1704
1618 1706
1619 1707
1620 1708
1621 1709
1622 1710
1623 1711
1624 1712
1625 1713
1626 1714
1627 1715
1628 1717
1629 1718
1630 1719
1631 1720
1632 1721
1633 1722
1634 1723
1635 1724
1636 1725
1637 1726
1638 1727
1639 1729
1640 1730
1641 1731
1642 1732
1643 1733
1644 1734
1645 1735
1646 1736
1647 1737
1648 1738
1649 1740
1650 1741
1651 1742
1652 1743
1653 1744
1654 1745
1655 1746
1656 1747
1657 1748
1658 1749
1659 1751
1660 1752
1661 1753
1662 1754
1663 1755
1664 1756
1665 1757
1666 1758
1667 1759
1668 1760
1669 1762
1670 1763
1671 1764
1672 1765
1673 1766
1674 1767
1675 1768
1676 1769
1677 1770
1678 1771
1679 1772
1680 1774
1681 1775
1682 1776
1683 1777
1684 1778
1685 1779
1686 1780
1687 1781
1688 1782
1689 1783
1690 1785
1691 1786
1692 1787
1693 1788
1694 1789
1695 1790
1696 1791
1697 1792
1698 1793
1699 1794
1700 1796
1701 1797
1702 1798
1703 1799
1704 1800
1705 1801
1706 1802
1707 1803
1708 1804
1709 1805
1710 1807
1711 1808
1712 1809
1713 1810
1714 1811
1715 1812
1716 1813
1717 1814
1718 1815
1719 1816
1720 1817
1721 1818
1722 1819
1723 1820
1724 1821
1725 1822
1726 1823
1727 1824
1728 1825
1729 1826
1730 1827
1731 1828
1732 1829
1733 1830
1734 1831
1735 1832
1736 1833
1737 1834
1738 1835
1739 1836
1740 1837
1741 1838
1742 1839
1743 1840
1744 1841
1745 1842
1746 1843
1747 1844
1748 1845
1749 1846
1750 1847
1751 1848
1752 1849
1753 1850
1754 1851
1755 1852
1756 1853
1757 1854
1758 1855
1759 1856
1760 1857
1761 1858
1762 1859
1763 1860
1764 1861
1765 1862
1766 1863
1767 1864
1768 1865
1769 1866
1770 1867
1771 1868
1772 1869
1773 1870
1774 1871
1775 1872
1776 1873
1777 1874
1778 1875
1779 1876
1780 1877
1781 1878
1782 1879
1783 1880
1784 1881
1785 1882
1786 1883
1787 1884
1788 1886
1789 1887
1790 1888
1791 1889
1792 1890
1793 1891
1794 1892
1795 1893
1796 1894
1797 1896
1798 1897
1799 1898
1800 1899
1801 1900
1802 1901
1803 1902
1804 1903
1805 1905
1806 1906
1807 1907
1808 1908
1809 1909
1810 1910
1811 1911
1812 1912
1813 1913
1814 1915
1815 1916
1816 1917
1817 1918
1818 1919
1819 1920
1820 1921
1821 1922
1822 1924
1823 1925
1824 1926
1825 1927
1826 1928
1827 1929
1828 1930
1829 1931
1830 1933
1831 1934
1832 1935
1833 1936
1834 1937
1835 1938
1836 1939
1837 1940
1838 1941
1839 1943
1840 1944
1841 1945
1842 1946
1843 1947
1844 1948
1845 1949
1846 1950
1847 1952
1848 1953
1849 1954
1850 1955
1851 1956
1852 1957
1853 1958
1854 1959
1855 1961
1856 1962
1857 1963
1858 1964
1859 1965
1860 1966
1861 1967
1862 1968
1863 1969
1864 1971
1865 1972
1866 1973
1867 1974
1868 1975
1869 1976
1870 1977
1871 1978
1872 1980
1873 1981
1874 1982
1875 1983
1876 1984
1877 1985
1878 1986
1879 1987
1880 1989
1881 1990
1882 1991
1883 1993
1884 1994
1885 1995
1886 1997
1887 1998
1888 2000
1889 2001
1890 2002
1891 2004
1892 2005
1893 2007
1894 2008
1895 2009
1896 2011
1897 2012
1898 2014
1899 2015
1900 2016
1901 2018
1902 2019
1903 2021
1904 2022
1905 2023
1906 2025
1907 2026
1908 2028
1909 2029
1910 2030
1911 2032
1912 2033
1913 2034
1914 2036
1915 2037
1916 2039
1917 2040
1918 2041
1919 2043
1920 2044
1921 2046
1922 2047
1923 2048
1924 2050
1925 2051
1926 2053
1927 2054
1928 2055
1929 2057
1930 2058
1931 2060
1932 2061
1933 2062
1934 2064
1935 2065
1936 2067
1937 2068
1938 2069
1939 2071
1940 2072
1941 2074
1942 2075
1943 2076
1944 2078
1945 2079
1946 2080
1947 2082
1948 2083
1949 2085
1950 2086
1951 2087
1952 2089
1953 2090
1954 2092
1955 2093
1956 2094
1957 2096
1958 2097
1959 2099
1960 2100
1961 2101
1962 2103
1963 2104
1964 2106
1965 2107
1966 2108
1967 2110
1968 2111
1969 2113
1970 2114
1971 2115
1972 2117
1973 2118
1974 2120
1975 2121
1976 2122
1977 2124
1978 2125
1979 2126
1980 2128
1981 2129
1982 2131
1983 2132
1984 2133
1985 2135
1986 2136
1987 2138
1988 2139
1989 2140
1990 2142
1991 2143
1992 2145
1993 2146
1994 2147
1995 2149
1996 2150
1997 2152
1998 2153
1999 2154
2000 2156
2001 2157
2002 2159
2003 2160
2004 2161
2005 2163
2006 2164
2007 2166
2008 2167
2009 2168
2010 2170
2011 2171
2012 2172
2013 2174
2014 2175
2015 2177
2016 2178
2017 2179
2018 2181
2019 2182
2020 2184
2021 2185
2022 2186
2023 2188
2024 2189
2025 2191
2026 2192
2027 2193
2028 2195
2029 2196
2030 2198
2031 2199
2032 2200
2033 2202
2034 2203
2035 2205
2036 2206
2037 2207
2038 2209
2039 2210
2040 2212
2041 2213
2042 2214
2043 2216
2044 2217
2045 2218
2046 2220
2047 2221
2048 2223
2049 2224
2050 2225
2051 2227
2052 2228
2053 2230
2054 2231
2055 2232
2056 2234
2057 2235
2058 2237
2059 2238
2060 2239
2061 2241
2062 2242
2063 2244
2064 2245
2065 2246
2066 2248
2067 2249
2068 2251
2069 2252
2070 2253
2071 2255
2072 2256
2073 2258
2074 2259
2075 2260
2076 2261
2077 2263
2078 2264
2079 2265
2080 2266
2081 2268
2082 2269
2083 2270
2084 2272
2085 2273
2086 2274
2087 2275
2088 2277
2089 2278
2090 2279
2091 2280
2092 2282
2093 2283
2094 2284
2095 2286
2096 2287
2097 2288
2098 2289
2099 2291
2100 2292
2101 2293
2102 2295
2103 2296
2104 2297
2105 2298
2106 2300
2107 2301
2108 2302
2109 2303
2110 2305
2111 2306
2112 2307
2113 2309
2114 2310
2115 2311
2116 2312
2117 2314
2118 2315
2119 2316
2120 2318
2121 2319
2122 2320
2123 2321
2124 2323
2125 2324
2126 2325
2127 2326
2128 2328
2129 2329
2130 2330
2131 2332
2132 2333
2133 2334
2134 2335
2135 2337
2136 2338
2137 2339
2138 2341
2139 2342
2140 2343
2141 2344
2142 2346
2143 2347
2144 2348
2145 2349
2146 2351
2147 2352
2148 2353
2149 2355
2150 2356
2151 2357
2152 2358
2153 2360
2154 2361
2155 2362
2156 2364
2157 2365
2158 2366
2159 2367
2160 2369
2161 2370
2162 2371
2163 2372
2164 2374
2165 2375
2166 2376
2167 2378
2168 2379
2169 2380
2170 2381
2171 2383
2172 2384
2173 2385
2174 2387
2175 2388
2176 2389
2177 2390
2178 2392
2179 2393
2180 2394
2181 2395
2182 2397
2183 2398
2184 2399
2185 2401
2186 2402
2187 2403
2188 2404
2189 2406
2190 2407
2191 2408
2192 2410
2193 2411
2194 2412
2195 2413
2196 2415
2197 2416
2198 2417
2199 2418
2200 2420
2201 2421
2202 2422
2203 2424
2204 2425
2205 2426
2206 2427
2207 2429
2208 2430
2209 2431
2210 2433
2211 2434
2212 2435
2213 2436
2214 2438
2215 2439
2216 2440
2217 2441
2218 2443
2219 2444
2220 2445
2221 2447
2222 2448
2223 2449
2224 2450
2225 2452
2226 2453
2227 2454
2228 2456
2229 2457
2230 2458
2231 2459
2232 2461
2233 2462
2234 2463
2235 2464
2236 2466
2237 2467
2238 2468
2239 2470
2240 2471
2241 2472
2242 2473
2243 2475
2244 2476
2245 2477
2246 2479
2247 2480
2248 2481
2249 2482
2250 2483
2251 2484
2252 2485
2253 2486
2254 2487
2255 2488
2256 2489
2257 2490
2258 2491
2259 2492
2260 2493
2261 2494
2262 2495
2263 2496
2264 2497
2265 2498
2266 2499
2267 2500
2268 2501
2269 2502
2270 2503
2271 2504
2272 2505
2273 2506
2274 2507
2275 2508
2276 2509
2277 2510
2278 2511
2279 2512
2280 2513
2281 2514
2282 2515
2283 2516
2284 2517
2285 2518
2286 2519
2287 2520
2288 2521
2289 2522
2290 2523
2291 2524
2292 2525
2293 2526
2294 2527
2295 2528
2296 2529
2297 2530
2298 2531
2299 2532
2300 2533
2301 2534
2302 2535
2303 2536
2304 2537
2305 2538
2306 2539
2307 2540
2308 2541
2309 2542
2310 2543
2311 2544
2312 2545
2313 2546
2314 2547
2315 2548
2316 2549
2317 2550
2318 2551
2319 2552
2320 2553
2321 2554
2322 2555
2323 2556
2324 2557
2325 2558
2326 2559
2327 2560
2328 2561
2329 2562
2330 2563
2331 2564
2332 2565
2333 2566
2334 2567
2335 2568
2336 2569
2337 2570
2338 2571
2339 2572
2340 2573
2341 2574
2342 2575
2343 2576
2344 2577
2345 2578
2346 2579
2347 2580
2348 2581
2349 2582
2350 2583
2351 2584
2352 2585
2353 2586
2354 2587
2355 2588
2356 2589
2357 2590
2358 2591
2359 2592
2360 2593
2361 2594
2362 2595
2363 2596
2364 2597
2365 2598
2366 2599
2367 2600
2368 2601
2369 2602
2370 2603
2371 2604
2372 2605
2373 2606
2374 2607
2375 2608
2376 2609
2377 2610
2378 2611
2379 2612
2380 2613
2381 2614
2382 2615
2383 2616
2384 2617
2385 2618
2386 2619
2387 2620
2388 2621
2389 2622
2390 2623
2391 2624
2392 2625
2393 2626
2394 2627
2395 2628
2396 2629
2397 2630
2398 2631
2399 2632
2400 2633
2401 2634
2402 2635
2403 2636
2404 2637
2405 2638
2406 2639
2407 2640
2408 2641
2409 2642
2410 2643
2411 2644
2412 2645
2413 2646
2414 2647
2415 2648
2416 2649
2417 2650
2418 2651
2419 2652
2420 2653
2421 2654
2422 2655
2423 2656
2424 2657
2425 2658
2426 2659
2427 2660
2428 2661
2429 2662
2430 2663
2431 2664
2432 2665
2433 2666
2434 2667
2435 2668
2436 2669
2437 2670
2438 2671
2439 2672
2440 2673
2441 2674
2442 2675
2443 2676
2444 2677
2445 2678
2446 2679
2447 2680
2448 2681
2449 2682
2450 2683
2451 2684
2452 2685
2453 2686
2454 2687
2455 2688
2456 2689
2457 2690
2458 2691
2459 2692
2460 2693
2461 2694
2462 2695
2463 2696
2464 2697
2465 2698
2466 2699
2467 2700
2468 2701
2469 2702
2470 2703
2471 2704
2472 2705
2473 2706
2474 2707
2475 2708
2476 2709
2477 2710
2478 2711
2479 2712
2480 2713
2481 2714
2482 2715
2483 2716
2484 2717
2485 2718
2486 2719
2487 2720
2488 2721
2489 2722
2490 2723
2491 2724
2492 2725
2493 2726
2494 2727
2495 2728
2496 2729
2497 2730
2498 2731
2499 2732
2500 2733
2501 2734
2502 2735
2503 2736
2504 2737
2505 2738
2506 2739
2507 2740
2508 2741
2509 2742
2510 2743
2511 2744
2512 2746
2513 2747
2514 2748
2515 2749
2516 2750
2517 2751
2518 2752
2519 2753
2520 2754
2521 2755
2522 2756
2523 2757
2524 2758
2525 2759
2526 2760
2527 2761
2528 2762
2529 2763
2530 2764
2531 2765
2532 2766
2533 2767
2534 2768
2535 2769
2536 2770
2537 2771
2538 2772
2539 2773
2540 2774
2541 2775
2542 2776
2543 2777
2544 2778
2545 2779
2546 2780
2547 2782
2548 2783
2549 2784
2550 2785
2551 2786
2552 2787
2553 2788
2554 2789
2555 2790
2556 2791
2557 2792
2558 2793
2559 2794
2560 2795
2561 2796
2562 2797
2563 2798
2564 2799
2565 2800
2566 2801
2567 2802
2568 2803
2569 2804
2570 2805
2571 2806
2572 2807
2573 2808
2574 2809
2575 2810
2576 2811
2577 2812
2578 2813
2579 2814
2580 2815
2581 2816
2582 2818
2583 2819
2584 2820
2585 2821
2586 2822
2587 2823
2588 2824
2589 2825
2590 2826
2591 2827
2592 2828
2593 2829
2594 2830
2595 2831
2596 2832
2597 2833
2598 2834
2599 2835
2600 2836
2601 2837
2602 2838
2603 2839
2604 2840
2605 2841
2606 2842
2607 2843
2608 2844
2609 2845
2610 2846
2611 2847
2612 2848
2613 2849
2614 2850
2615 2851
2616 2852
2617 2854
2618 2855
2619 2856
2620 2857
2621 2858
2622 2859
2623 2860
2624 2861
2625 2862
2626 2863
2627 2864
2628 2865
2629 2866
2630 2867
2631 2868
2632 2869
2633 2870
2634 2871
2635 2872
2636 2873
2637 2874
2638 2875
2639 2876
2640 2877
2641 2878
2642 2879
2643 2880
2644 2881
2645 2882
2646 2883
2647 2884
2648 2885
2649 2886
2650 2887
2651 2888
2652 2890
2653 2891
2654 2892
2655 2893
2656 2894
2657 2895
2658 2896
2659 2897
2660 2898
2661 2899
2662 2900
2663 2901
2664 2902
2665 2903
2666 2904
2667 2905
2668 2906
2669 2907
2670 2908
2671 2909
2672 2910
2673 2911
2674 2912
2675 2913
2676 2914
2677 2915
2678 2916
2679 2917
2680 2918
2681 2919
2682 2920
2683 2921
2684 2922
2685 2923
2686 2924
2687 2926
2688 2926
2689 2927
2690 2928
2691 2929
2692 2930
2693 2931
2694 2932
2695 2933
2696 2934
2697 2935
2698 2936
2699 2937
2700 2937
2701 2938
2702 2939
2703 2940
2704 2941
2705 2942
2706 2943
2707 2944
2708 2945
2709 2946
2710 2947
2711 2948
2712 2949
2713 2949
2714 2950
2715 2951
2716 2952
2717 2953
2718 2954
2719 2955
2720 2956
2721 2957
2722 2958
2723 2959
2724 2960
2725 2960
2726 2961
2727 2962
2728 2963
2729 2964
2730 2965
2731 2966
2732 2967
2733 2968
2734 2969
2735 2970
2736 2971
2737 2972
2738 2972
2739 2973
2740 2974
2741 2975
2742 2976
2743 2977
2744 2978
2745 2979
2746 2980
2747 2981
2748 2982
2749 2983
2750 2983
2751 2984
2752 2985
2753 2986
2754 2987
2755 2988
2756 2989
2757 2990
2758 2991
2759 2992
2760 2993
2761 2994
2762 2995
2763 2995
2764 2996
2765 2997
2766 2998
2767 2999
2768 3000
2769 3001
2770 3002
2771 3003
2772 3004
2773 3005
2774 3006
2775 3006
2776 3007
2777 3008
2778 3009
2779 3010
2780 3011
2781 3012
2782 3013
2783 3014
2784 3015
2785 3016
2786 3017
2787 3018
2788 3018
2789 3019
2790 3020
2791 3021
2792 3022
2793 3023
2794 3024
2795 3025
2796 3026
2797 3027
2798 3028
2799 3029
2800 3029
2801 3030
2802 3031
2803 3032
2804 3033
2805 3034
2806 3035
2807 3036
2808 3037
2809 3038
2810 3039
2811 3040
2812 3041
2813 3041
2814 3042
2815 3043
2816 3044
2817 3045
2818 3046
2819 3047
2820 3048
2821 3049
2822 3050
2823 3051
2824 3052
2825 3052
2826 3053
2827 3054
2828 3055
2829 3056
2830 3057
2831 3058
2832 3059
2833 3060
2834 3061
2835 3062
2836 3063
2837 3064
2838 3064
2839 3065
2840 3066
2841 3067
2842 3068
2843 3069
2844 3070
2845 3071
2846 3072
2847 3073
2848 3074
2849 3075
2850 3076
2851 3077
2852 3078
2853 3079
2854 3080
2855 3081
2856 3082
2857 3083
2858 3084
2859 3085
2860 3086
2861 3087
2862 3088
2863 3089
2864 3090
2865 3091
2866 3092
2867 3093
2868 3094
2869 3095
2870 3096
2871 3097
2872 3098
2873 3099
2874 3100
2875 3101
2876 3102
2877 3103
2878 3104
2879 3105
2880 3106
2881 3107
2882 3108
2883 3109
2884 3110
2885 3111
2886 3112
2887 3113
2888 3114
2889 3115
2890 3116
2891 3117
2892 3118
2893 3119
2894 3120
2895 3121
2896 3122
2897 3123
2898 3124
2899 3125
2900 3126
2901 3127
2902 3128
2903 3129
2904 3130
2905 3131
2906 3132
2907 3133
2908 3134
2909 3135
2910 3136
2911 3137
2912 3138
2913 3139
2914 3140
2915 3141
2916 3142
2917 3143
2918 3144
2919 3145
2920 3146
2921 3147
2922 3148
2923 3149
2924 3150
2925 3151
2926 3152
2927 3153
2928 3154
2929 3155
2930 3156
2931 3157
2932 3158
2933 3159
2934 3160
2935 3161
2936 3162
2937 3163
2938 3164
2939 3165
2940 3166
2941 3167
2942 3168
2943 3169
2944 3170
2945 3171
2946 3172
2947 3173
2948 3174
2949 3175
2950 3176
2951 3177
2952 3178
2953 3179
2954 3180
2955 3181
2956 3183
2957 3184
2958 3185
2959 3186
2960 3187
2961 3188
2962 3189
2963 3190
2964 3191
2965 3192
2966 3193
2967 3194
2968 3195
2969 3196
2970 3197
2971 3198
2972 3199
2973 3200
2974 3201
2975 3202
2976 3203
2977 3204
2978 3205
2979 3206
2980 3207
2981 3208
2982 3209
2983 3210
2984 3211
2985 3212
2986 3213
2987 3214
2988 3215
2989 3216
2990 3217
2991 3218
2992 3219
2993 3220
2994 3221
2995 3222
2996 3223
2997 3224
2998 3225
2999 3226
3000 3227
3001 3228
3002 3229
3003 3230
3004 3231
3005 3232
3006 3233
3007 3234
3008 3235
3009 3236
3010 3237
3011 3238
3012 3239
3013 3240
3014 3241
3015 3242
3016 3243
3017 3244
3018 3245
3019 3246
3020 3247
3021 3248
3022 3249
3023 3250
3024 3251
3025 3252
3026 3253
3027 3254
3028 3255
3029 3256
3030 3257
3031 3258
3032 3259
3033 3260
3034 3261
3035 3262
3036 3263
3037 3264
3038 3265
3039 3266
3040 3267
3041 3268
3042 3269
3043 3270
3044 3271
3045 3272
3046 3273
3047 3274
3048 3275
3049 3276
3050 3277
3051 3278
3052 3279
3053 3280
3054 3281
3055 3282
3056 3283
3057 3284
3058 3285
3059 3286
3060 3287
3061 3289
3062 3289
3063 3290
3064 3291
3065 3292
3066 3293
3067 3294
3068 3295
3069 3296
3070 3297
3071 3298
3072 3298
3073 3299
3074 3300
3075 3301
3076 3302
3077 3303
3078 3304
3079 3305
3080 3306
3081 3307
3082 3307
3083 3308
3084 3309
3085 3310
3086 3311
3087 3312
3088 3313
3089 3314
3090 3315
3091 3316
3092 3316
3093 3317
3094 3318
3095 3319
3096 3320
3097 3321
3098 3322
3099 3323
3100 3324
3101 3325
3102 3325
3103 3326
3104 3327
3105 3328
3106 3329
3107 3330
3108 3331
3109 3332
3110 3333
3111 3334
3112 3334
3113 3335
3114 3336
3115 3337
3116 3338
3117 3339
3118 3340
3119 3341
3120 3342
3121 3343
3122 3344
3123 3344
3124 3345
3125 3346
3126 3347
3127 3348
3128 3349
3129 3350
3130 3351
3131 3352
3132 3353
3133 3353
3134 3354
3135 3355
3136 3356
3137 3357
3138 3358
3139 3359
3140 3360
3141 3361
3142 3362
3143 3362
3144 3363
3145 3364
3146 3365
3147 3366
3148 3367
3149 3368
3150 3369
3151 3370
3152 3371
3153 3371
3154 3372
3155 3373
3156 3374
3157 3375
3158 3376
3159 3377
3160 3378
3161 3379
3162 3380
3163 3380
3164 3381
3165 3382
3166 3383
3167 3384
3168 3385
3169 3386
3170 3387
3171 3388
3172 3389
3173 3390
3174 3390
3175 3391
3176 3392
3177 3393
3178 3394
3179 3395
3180 3396
3181 3397
3182 3398
3183 3399
3184 3399
3185 3400
3186 3401
3187 3402
3188 3403
3189 3404
3190 3405
3191 3406
3192 3407
3193 3408
3194 3408
3195 3409
3196 3410
3197 3411
3198 3412
3199 3413
3200 3414
3201 3415
3202 3416
3203 3417
3204 3417
3205 3418
3206 3419
3207 3420
3208 3421
3209 3422
3210 3423
3211 3424
3212 3425
3213 3426
3214 3426
3215 3427
3216 3428
3217 3429
3218 3430
3219 3431
3220 3432
3221 3433
3222 3434
3223 3435
3224 3436
3225 3437
3226 3438
3227 3439
3228 3440
3229 3441
3230 3442
3231 3443
3232 3444
3233 3445
3234 3446
3235 3447
3236 3448
3237 3449
3238 3450
3239 3451
3240 3452
3241 3454
3242 3455
3243 3456
3244 3457
3245 3458
3246 3459
3247 3460
3248 3461
3249 3462
3250 3463
3251 3464
3252 3465
3253 3466
3254 3467
3255 3468
3256 3469
3257 3471
3258 3472
3259 3473
3260 3474
3261 3475
3262 3476
3263 3477
3264 3478
3265 3479
3266 3480
3267 3481
3268 3482
3269 3483
3270 3484
3271 3485
3272 3486
3273 3488
3274 3489
3275 3490
3276 3491
3277 3492
3278 3493
3279 3494
3280 3495
3281 3496
3282 3497
3283 3498
3284 3499
3285 3500
3286 3501
3287 3502
3288 3503
3289 3505
3290 3506
3291 3507
3292 3508
3293 3509
3294 3510
3295 3511
3296 3512
3297 3513
3298 3514
3299 3515
3300 3516
3301 3517
3302 3518
3303 3519
3304 3520
3305 3522
3306 3523
3307 3524
3308 3525
3309 3526
3310 3527
3311 3528
3312 3529
3313 3530
3314 3531
3315 3532
3316 3533
3317 3534
3318 3535
3319 3536
3320 3537
3321 3539
3322 3540
3323 3541
3324 3542
3325 3543
3326 3544
3327 3545
3328 3546
3329 3547
3330 3548
3331 3549
3332 3550
3333 3551
3334 3552
3335 3553
3336 3554
3337 3556
3338 3557
3339 3558
3340 3559
3341 3560
3342 3561
3343 3562
3344 3563
3345 3564
3346 3565
3347 3566
3348 3567
3349 3568
3350 3569
3351 3570
3352 3571
3353 3573
3354 3574
3355 3575
3356 3576
3357 3577
3358 3578
3359 3579
3360 3580
3361 3581
3362 3582
3363 3583
3364 3584
3365 3585
3366 3586
3367 3587
3368 3588
3369 3590
3370 3591
3371 3592
3372 3593
3373 3594
3374 3595
3375 3596
3376 3597
3377 3598
3378 3599
3379 3600
3380 3601
3381 3602
3382 3603
3383 3604
3384 3605
3385 3607
3386 3608
3387 3609
3388 3610
3389 3611
3390 3612
3391 3613
3392 3614
3393 3615
3394 3616
3395 3617
3396 3618
3397 3619
3398 3620
3399 3621
3400 3622
3401 3624
3402 3625
3403 3626
3404 3627
3405 3628
3406 3629
3407 3630
3408 3631
3409 3632
3410 3633
3411 3634
3412 3635
3413 3636
3414 3637
3415 3638
3416 3639
3417 3641
3418 3642
3419 3643
3420 3644
3421 3645
3422 3646
3423 3647
3424 3648
3425 3649
3426 3650
3427 3651
3428 3652
3429 3653
3430 3654
3431 3655
3432 3656
3433 3658
3434 3659
3435 3660
3436 3661
3437 3662
3438 3663
3439 3664
3440 3665
3441 3666
3442 3667
3443 3668
3444 3669
3445 3670
3446 3671
3447 3672
3448 3673
3449 3675
3450 3676
3451 3677
3452 3678
3453 3679
3454 3680
3455 3681
3456 3682
3457 3683
3458 3684
3459 3685
3460 3686
3461 3687
3462 3688
3463 3689
3464 3690
3465 3692
3466 3693
3467 3694
3468 3695
3469 3696
3470 3697
3471 3698
3472 3699
3473 3700
3474 3701
3475 3702
3476 3703
3477 3704
3478 3705
3479 3706
3480 3707
3481 3708
3482 3709
3483 3710
3484 3711
3485 3712
3486 3713
3487 3714
3488 3716
3489 3717
3490 3718
3491 3719
3492 3720
3493 3721
3494 3722
3495 3723
3496 3724
3497 3725
3498 3726
3499 3727
3500 3728
3501 3729
3502 3730
3503 3731
3504 3732
3505 3733
3506 3734
3507 3735
3508 3736
3509 3737
3510 3738
3511 3740
3512 3741
3513 3742
3514 3743
3515 3744
3516 3745
3517 3746
3518 3747
3519 3748
3520 3749
3521 3750
3522 3751
3523 3752
3524 3753
3525 3754
3526 3755
3527 3756
3528 3757
3529 3758
3530 3759
3531 3760
3532 3761
3533 3762
3534 3764
3535 3765
3536 3766
3537 3767
3538 3768
3539 3769
3540 3770
3541 3771
3542 3772
3543 3773
3544 3774
3545 3775
3546 3776
3547 3777
3548 3778
3549 3779
3550 3780
3551 3781
3552 3782
3553 3783
3554 3784
3555 3785
3556 3786
3557 3788
3558 3789
3559 3790
3560 3791
3561 3792
3562 3793
3563 3794
3564 3795
3565 3796
3566 3798
3567 3799
3568 3800
3569 3801
3570 3802
3571 3803
3572 3804
3573 3805
3574 3807
3575 3808
3576 3809
3577 3810
3578 3811
3579 3812
3580 3813
3581 3814
3582 3815
3583 3817
3584 3818
3585 3819
3586 3820
3587 3821
3588 3822
3589 3823
3590 3824
3591 3826
3592 3827
3593 3828
3594 3829
3595 3830
3596 3831
3597 3832
3598 3833
3599 3834
3600 3836
3601 3837
3602 3838
3603 3839
3604 3840
3605 3841
3606 3842
3607 3843
3608 3845
3609 3846
3610 3847
3611 3848
3612 3849
3613 3850
3614 3851
3615 3852
3616 3854
3617 3855
3618 3856
3619 3857
3620 3858
3621 3859
3622 3860
3623 3861
3624 3862
3625 3864
3626 3865
3627 3866
3628 3867
3629 3868
3630 3869
3631 3870
3632 3871
3633 3873
3634 3874
3635 3875
3636 3876
3637 3877
3638 3878
3639 3879
3640 3880
3641 3881
3642 3883
3643 3884
3644 3885
3645 3886
3646 3887
3647 3888
3648 3889
3649 3890
3650 3892
3651 3893
3652 3894
3653 3895
3654 3896
3655 3897
3656 3898
3657 3899
3658 3900
3659 3902
3660 3903
3661 3904
3662 3905
3663 3906
3664 3907
3665 3908
3666 3909
3667 3911
3668 3912
3669 3913
3670 3914
3671 3915
3672 3916
3673 3917
3674 3918
3675 3920
3676 3921
3677 3922
3678 3923
3679 3924
3680 3925
3681 3926
3682 3927
3683 3928
3684 3930
3685 3931
3686 3932
3687 3933
3688 3934
3689 3935
3690 3936
3691 3937
3692 3939
3693 3940
3694 3941
3695 3942
3696 3943
3697 3944
3698 3945
3699 3946
3700 3947
3701 3949
3702 3950
3703 3951
3704 3952
3705 3953
3706 3954
3707 3955
3708 3956
3709 3958
3710 3959
3711 3960
3712 3961
3713 3962
3714 3963
3715 3964
3716 3965
3717 3966
3718 3968
3719 3969
3720 3970
3721 3971
3722 3972
3723 3973
3724 3974
3725 3975
3726 3977
3727 3978
3728 3979
3729 3980
3730 3981
3731 3982
3732 3983
3733 3984
3734 3986
3735 3987
3736 3988
3737 3989
3738 3990
3739 3992
3740 3993
3741 3994
3742 3995
3743 3997
3744 3998
3745 3999
3746 4000
3747 4002
3748 4003
3749 4004
3750 4005
3751 4007
3752 4008
3753 4009
3754 4010
3755 4012
3756 4013
3757 4014
3758 4015
3759 4017
3760 4018
3761 4019
3762 4020
3763 4022
3764 4023
3765 4024
3766 4025
3767 4027
3768 4028
3769 4029
3770 4030
3771 4031
3772 4033
3773 4034
3774 4035
3775 4036
3776 4038
3777 4039
3778 4040
3779 4041
3780 4043
3781 4044
3782 4045
3783 4046
3784 4048
3785 4049
3786 4050
3787 4051
3788 4053
3789 4054
3790 4055
3791 4056
3792 4058
3793 4059
3794 4060
3795 4061
3796 4063
3797 4064
3798 4065
3799 4066
3800 4068
3801 4069
3802 4070
3803 4071
3804 4072
3805 4074
3806 4075
3807 4076
3808 4077
3809 4079
3810 4080
3811 4081
3812 4082
3813 4084
3814 4085
3815 4086
3816 4087
3817 4089
3818 4090
3819 4091
3820 4092
3821 4094
3822 4095
3823 4096
3824 4097
3825 4099
3826 4100
3827 4101
3828 4102
3829 4104
3830 4105
3831 4106
3832 4107
3833 4109
3834 4110
3835 4111
3836 4112
3837 4113
3838 4115
3839 4116
3840 4117
3841 4118
3842 4120
3843 4121
3844 4122
3845 4123
3846 4125
3847 4126
3848 4127
3849 4128
3850 4130
3851 4131
3852 4132
3853 4133
3854 4135
3855 4136
3856 4137
3857 4138
3858 4140
3859 4141
3860 4142
3861 4143
3862 4145
3863 4146
3864 4147
3865 4148
3866 4150
3867 4151
3868 4152
3869 4153
3870 4154
3871 4156
3872 4157
3873 4158
3874 4159
3875 4161
3876 4162
3877 4163
3878 4164
3879 4166
3880 4167
3881 4168
3882 4169
3883 4171
3884 4172
3885 4173
3886 4174
3887 4176
3888 4177
3889 4178
3890 4179
3891 4181
3892 4182
3893 4183
3894 4184
3895 4186
3896 4187
3897 4188
3898 4189
3899 4191
3900 4192
3901 4193
3902 4194
3903 4196
3904 4197
3905 4198
3906 4199
3907 4200
3908 4201
3909 4202
3910 4203
3911 4205
3912 4206
3913 4207
3914 4208
3915 4209
3916 4210
3917 4211
3918 4213
3919 4214
3920 4215
3921 4216
3922 4217
3923 4218
3924 4219
3925 4221
3926 4222
3927 4223
3928 4224
3929 4225
3930 4226
3931 4227
3932 4229
3933 4230
3934 4231
3935 4232
3936 4233
3937 4234
3938 4235
3939 4237
3940 4238
3941 4239
3942 4240
3943 4241
3944 4242
3945 4243
3946 4245
3947 4246
3948 4247
3949 4248
3950 4249
3951 4250
3952 4251
3953 4253
3954 4254
3955 4255
3956 4256
3957 4257
3958 4258
3959 4259
3960 4261
3961 4262
3962 4263
3963 4264
3964 4265
3965 4266
3966 4267
3967 4269
3968 4270
3969 4271
3970 4272
3971 4273
3972 4274
3973 4275
3974 4277
3975 4278
3976 4279
3977 4280
3978 4281
3979 4282
3980 4283
3981 4284
3982 4286
3983 4287
3984 4288
3985 4289
3986 4290
3987 4291
3988 4292
3989 4294
3990 4295
3991 4296
3992 4297
3993 4298
3994 4299
3995 4300
3996 4302
3997 4303
3998 4304
3999 4305
4000 4306
4001 4307
4002 4308
4003 4310
4004 4311
4005 4312
4006 4313
4007 4314
4008 4315
4009 4316
4010 4318
4011 4319
4012 4320
4013 4321
4014 4322
4015 4323
4016 4324
4017 4326
4018 4327
4019 4328
4020 4329
4021 4330
4022 4331
4023 4332
4024 4334
4025 4335
4026 4336
4027 4337
4028 4338
4029 4339
4030 4340
4031 4342
4032 4343
4033 4344
4034 4345
4035 4346
4036 4347
4037 4348
4038 4350
4039 4351
4040 4352
4041 4353
4042 4354
4043 4355
4044 4356
4045 4358
4046 4359
4047 4360
4048 4361
4049 4362
4050 4363
4051 4364
4052 4366
4053 4366
4054 4367
4055 4368
4056 4369
4057 4370
4058 4371
4059 4372
4060 4373
4061 4374
4062 4375
4063 4376
4064 4377
4065 4377
4066 4378
4067 4379
4068 4380
4069 4381
4070 4382
4071 4383
4072 4384
4073 4385
4074 4386
4075 4387
4076 4388
4077 4389
4078 4389
4079 4390
4080 4391
4081 4392
4082 4393
4083 4394
4084 4395
4085 4396
4086 4397
4087 4398
4088 4399
4089 4400
4090 4400
4091 4401
4092 4402
4093 4403
4094 4404
4095 4405
4096 4406
4097 4407
4098 4408
4099 4409
4100 4410
4101 4411
4102 4412
4103 4412
4104 4413
4105 4414
4106 4415
4107 4416
4108 4417
4109 4418
4110 4419
4111 4420
4112 4421
4113 4422
4114 4423
4115 4424
4116 4424
4117 4425
4118 4426
4119 4427
4120 4428
4121 4429
4122 4430
4123 4431
4124 4432
4125 4433
4126 4434
4127 4435
4128 4435
4129 4436
4130 4437
4131 4438
4132 4439
4133 4440
4134 4441
4135 4442
4136 4443
4137 4444
4138 4445
4139 4446
4140 4447
4141 4447
4142 4448
4143 4449
4144 4450
4145 4451
4146 4452
4147 4453
4148 4454
4149 4455
4150 4456
4151 4457
4152 4458
4153 4458
4154 4459
4155 4460
4156 4461
4157 4462
4158 4463
4159 4464
4160 4465
4161 4466
4162 4467
4163 4468
4164 4469
4165 4470
4166 4470
4167 4471
4168 4472
4169 4473
4170 4474
4171 4475
4172 4476
4173 4477
4174 4478
4175 4479
4176 4480
4177 4481
4178 4482
4179 4482
4180 4483
4181 4484
4182 4485
4183 4486
4184 4487
4185 4488
4186 4489
4187 4490
4188 4491
4189 4492
4190 4493
4191 4493
4192 4494
4193 4495
4194 4496
4195 4497
4196 4498
4197 4499
4198 4500
4199 4501
4200 4502
4201 4503
4202 4504
4203 4505
4204 4505
4205 4506
4206 4507
4207 4508
4208 4509
4209 4510
4210 4511
4211 4512
4212 4513
4213 4514
4214 4515
4215 4516
4216 4516
4217 4517
4218 4518
4219 4519
4220 4520
4221 4521
4222 4522
4223 4523
4224 4524
4225 4525
4226 4526
4227 4527
4228 4528
4229 4528
4230 4529
4231 4530
4232 4531
4233 4532
4234 4533
4235 4534
4236 4535
4237 4536
4238 4537
4239 4538
4240 4539
4241 4540
4242 4541
4243 4542
4244 4543
4245 4544
4246 4546
4247 4547
4248 4548
4249 4549
4250 4550
4251 4552
4252 4553
4253 4554
4254 4555
4255 4556
4256 4558
4257 4559
4258 4560
4259 4561
4260 4562
4261 4564
4262 4565
4263 4566
4264 4567
4265 4569
4266 4570
4267 4571
4268 4572
4269 4573
4270 4575
4271 4576
4272 4577
4273 4578
4274 4579
4275 4581
4276 4582
4277 4583
4278 4584
4279 4585
4280 4587
4281 4588
4282 4589
4283 4590
4284 4591
4285 4593
4286 4594
4287 4595
4288 4596
4289 4598
4290 4599
4291 4600
4292 4601
4293 4602
4294 4604
4295 4605
4296 4606
4297 4607
4298 4608
4299 4610
4300 4611
4301 4612
4302 4613
4303 4614
4304 4616
4305 4617
4306 4618
4307 4619
4308 4620
4309 4622
4310 4623
4311 4624
4312 4625
4313 4627
4314 4628
4315 4629
4316 4630
4317 4631
4318 4632
4319 4633
4320 4634
4321 4635
4322 4636
4323 4637
4324 4639
4325 4640
4326 4641
4327 4642
4328 4643
4329 4644
4330 4645
4331 4646
4332 4647
4333 4648
4334 4650
4335 4651
4336 4652
4337 4653
4338 4654
4339 4655
4340 4656
4341 4657
4342 4658
4343 4659
4344 4660
4345 4662
4346 4663
4347 4664
4348 4665
4349 4666
4350 4667
4351 4668
4352 4669
4353 4670
4354 4671
4355 4673
4356 4674
4357 4675
4358 4676
4359 4677
4360 4678
4361 4679
4362 4680
4363 4681
4364 4682
4365 4684
4366 4685
4367 4686
4368 4687
4369 4688
4370 4689
4371 4690
4372 4691
4373 4692
4374 4693
4375 4694
4376 4696
4377 4697
4378 4698
4379 4699
4380 4700
4381 4701
4382 4702
4383 4703
4384 4704
4385 4705
4386 4707
4387 4708
4388 4709
4389 4710
4390 4711
4391 4712
4392 4713
4393 4714
4394 4715
4395 4716
4396 4717
4397 4719
4398 4720
4399 4721
4400 4722
4401 4723
4402 4724
4403 4725
4404 4726
4405 4727
4406 4728
4407 4730
4408 4731
4409 4732
4410 4733
4411 4734
4412 4735
4413 4736
4414 4737
4415 4738
4416 4739
4417 4741
4418 4742
4419 4743
4420 4744
4421 4745
4422 4746
4423 4747
4424 4749
4425 4750
4426 4751
4427 4752
4428 4753
4429 4754
4430 4755
4431 4757
4432 4758
4433 4759
4434 4760
4435 4761
4436 4762
4437 4764
4438 4765
4439 4766
4440 4767
4441 4768
4442 4769
4443 4770
4444 4772
4445 4773
4446 4774
4447 4775
4448 4776
4449 4777
4450 4779
4451 4780
4452 4781
4453 4782
4454 4783
4455 4784
4456 4785
4457 4787
4458 4788
4459 4789
4460 4790
4461 4791
4462 4792
4463 4793
4464 4795
4465 4796
4466 4797
4467 4798
4468 4799
4469 4800
4470 4802
4471 4803
4472 4804
4473 4805
4474 4806
4475 4807
4476 4808
4477 4810
4478 4811
4479 4812
4480 4813
4481 4814
4482 4815
4483 4817
4484 4818
4485 4819
4486 4820
4487 4821
4488 4822
4489 4823
4490 4825
4491 4826
4492 4827
4493 4828
4494 4829
4495 4830
4496 4831
4497 4833
4498 4834
4499 4835
4500 4836
4501 4837
4502 4838
4503 4840
4504 4841
4505 4842
4506 4843
4507 4844
4508 4845
4509 4846
4510 4848
4511 4849
4512 4850
4513 4851
4514 4852
4515 4853
4516 4855
4517 4856
4518 4857
4519 4858
4520 4859
4521 4860
4522 4861
4523 4863
4524 4864
4525 4865
4526 4866
4527 4867
4528 4868
4529 4870
4530 4871
4531 4872
4532 4873
4533 4874
4534 4875
4535 4876
4536 4877
4537 4878
4538 4879
4539 4880
4540 4881
4541 4882
4542 4883
4543 4884
4544 4885
4545 4886
4546 4887
4547 4888
4548 4889
4549 4890
4550 4891
4551 4892
4552 4893
4553 4894
4554 4895
4555 4896
4556 4897
4557 4898
4558 4899
4559 4900
4560 4901
4561 4902
4562 4903
4563 4904
4564 4905
4565 4906
4566 4907
4567 4908
4568 4909
4569 4910
4570 4911
4571 4912
4572 4913
4573 4914
4574 4915
4575 4916
4576 4917
4577 4918
4578 4919
4579 4920
4580 4921
4581 4922
4582 4923
4583 4924
4584 4925
4585 4927
4586 4928
4587 4929
4588 4930
4589 4931
4590 4932
4591 4933
4592 4934
4593 4935
4594 4936
4595 4937
4596 4938
4597 4939
4598 4940
4599 4941
4600 4942
4601 4943
4602 4944
4603 4945
4604 4946
4605 4947
4606 4948
4607 4949
4608 4950
4609 4951
4610 4952
4611 4953
4612 4954
4613 4955
4614 4956
4615 4957
4616 4958
4617 4959
4618 4960
4619 4961
4620 4962
4621 4963
4622 4964
4623 4965
4624 4966
4625 4967
4626 4968
4627 4969
4628 4970
4629 4971
4630 4972
4631 4973
4632 4974
4633 4975
4634 4976
4635 4977
4636 4978
4637 4979
4638 4980
4639 4981
4640 4982
4641 4984
4642 4985
4643 4986
4644 4987
4645 4988
4646 4989
4647 4990
4648 4991
4649 4992
4650 4993
4651 4994
4652 4995
4653 4996
4654 4997
4655 4998
4656 4999
4657 5000
4658 5001
4659 5002
4660 5003
4661 5004
4662 5005
4663 5006
4664 5007
4665 5008
4666 5009
4667 5010
4668 5011
4669 5012
4670 5013
4671 5014
4672 5015
4673 5016
4674 5017
4675 5018
4676 5019
4677 5020
4678 5021
4679 5022
4680 5023
4681 5024
4682 5025
4683 5026
4684 5027
4685 5028
4686 5029
4687 5030
4688 5031
4689 5032
4690 5033
4691 5034
4692 5035
4693 5036
4694 5037
4695 5038
4696 5040
4697 5040
4698 5041
4699 5042
4700 5043
4701 5044
4702 5045
4703 5046
4704 5047
4705 5048
4706 5049
4707 5050
4708 5051
4709 5052
4710 5053
4711 5054
4712 5055
4713 5056
4714 5057
4715 5058
4716 5059
4717 5060
4718 5061
4719 5062
4720 5063
4721 5064
4722 5065
4723 5066
4724 5067
4725 5068
4726 5069
4727 5070
4728 5071
4729 5072
4730 5073
4731 5074
4732 5075
4733 5076
4734 5077
4735 5078
4736 5079
4737 5080
4738 5081
4739 5082
4740 5083
4741 5084
4742 5085
4743 5086
4744 5087
4745 5088
4746 5089
4747 5090
4748 5091
4749 5092
4750 5093
4751 5094
4752 5095
4753 5096
4754 5097
4755 5098
4756 5099
4757 5100
4758 5101
4759 5101
4760 5102
4761 5103
4762 5104
4763 5105
4764 5106
4765 5107
4766 5108
4767 5109
4768 5110
4769 5111
4770 5112
4771 5113
4772 5114
4773 5115
4774 5116
4775 5117
4776 5118
4777 5119
4778 5120
4779 5121
4780 5122
4781 5123
4782 5124
4783 5125
4784 5126
4785 5127
4786 5128
4787 5129
4788 5130
4789 5131
4790 5132
4791 5133
4792 5134
4793 5135
4794 5136
4795 5137
4796 5138
4797 5139
4798 5140
4799 5141
4800 5142
4801 5143
4802 5144
4803 5145
4804 5146
4805 5147
4806 5148
4807 5149
4808 5150
4809 5151
4810 5152
4811 5153
4812 5154
4813 5155
4814 5156
4815 5157
4816 5158
4817 5159
4818 5160
4819 5161
4820 5162
4821 5163
4822 5163
4823 5164
4824 5165
4825 5166
4826 5167
4827 5168
4828 5169
4829 5170
4830 5171
4831 5172
4832 5173
4833 5174
4834 5175
4835 5176
4836 5177
4837 5178
4838 5179
4839 5180
4840 5181
4841 5182
4842 5183
4843 5184
4844 5185
4845 5186
4846 5187
4847 5188
4848 5189
4849 5190
4850 5191
4851 5192
4852 5193
4853 5194
4854 5195
4855 5196
4856 5197
4857 5198
4858 5199
4859 5200
4860 5201
4861 5202
4862 5203
4863 5204
4864 5205
4865 5206
4866 5207
4867 5208
4868 5209
4869 5210
4870 5211
4871 5212
4872 5213
4873 5214
4874 5215
4875 5216
4876 5217
4877 5218
4878 5219
4879 5220
4880 5221
4881 5222
4882 5223
4883 5224
4884 5225
4885 5226
4886 5227
4887 5229
4888 5230
4889 5231
4890 5233
4891 5234
4892 5235
4893 5237
4894 5238
4895 5239
4896 5241
4897 5242
4898 5243
4899 5245
4900 5246
4901 5247
4902 5249
4903 5250
4904 5251
4905 5253
4906 5254
4907 5256
4908 5257
4909 5258
4910 5260
4911 5261
4912 5262
4913 5264
4914 5265
4915 5266
4916 5268
4917 5269
4918 5270
4919 5272
4920 5273
4921 5274
4922 5276
4923 5277
4924 5278
4925 5280
4926 5281
4927 5282
4928 5284
4929 5285
4930 5287
4931 5288
4932 5289
4933 5291
4934 5292
4935 5293
4936 5295
4937 5296
4938 5297
4939 5299
4940 5300
4941 5301
4942 5303
4943 5304
4944 5305
4945 5307
4946 5308
4947 5309
4948 5311
4949 5312
4950 5313
4951 5315
4952 5316
4953 5318
4954 5319
4955 5320
4956 5322
4957 5323
4958 5324
4959 5326
4960 5327
4961 5328
4962 5330
4963 5331
4964 5332
4965 5334
4966 5335
4967 5336
4968 5338
4969 5339
4970 5340
4971 5342
4972 5343
4973 5344
4974 5346
4975 5347
4976 5349
4977 5350
4978 5351
4979 5352
4980 5353
4981 5354
4982 5355
4983 5356
4984 5357
4985 5358
4986 5359
4987 5360
4988 5361
4989 5362
4990 5363
4991 5364
4992 5365
4993 5366
4994 5368
4995 5369
4996 5370
4997 5371
4998 5372
4999 5373
5000 5374
5001 5375
5002 5376
5003 5377
5004 5378
5005 5379
5006 5380
5007 5381
5008 5382
5009 5383
5010 5384
5011 5386
5012 5387
5013 5388
5014 5389
5015 5390
5016 5391
5017 5392
5018 5393
5019 5394
5020 5395
5021 5396
5022 5397
5023 5398
5024 5399
5025 5400
5026 5401
5027 5402
5028 5404
5029 5405
5030 5406
5031 5407
5032 5408
5033 5409
5034 5410
5035 5411
5036 5412
5037 5413
5038 5414
5039 5415
5040 5416
5041 5417
5042 5418
5043 5419
5044 5420
5045 5421
5046 5423
5047 5424
5048 5425
5049 5426
5050 5427
5051 5428
5052 5429
5053 5430
5054 5431
5055 5432
5056 5433
5057 5434
5058 5435
5059 5436
5060 5437
5061 5438
5062 5439
5063 5441
5064 5442
5065 5443
5066 5444
5067 5445
5068 5446
5069 5447
5070 5448
5071 5449
5072 5450
5073 5451
5074 5452
5075 5453
5076 5454
5077 5455
5078 5456
5079 5457
5080 5459
5081 5460
5082 5461
5083 5462
5084 5463
5085 5464
5086 5465
5087 5466
5088 5467
5089 5468
5090 5469
5091 5470
5092 5471
5093 5472
5094 5473
5095 5474
5096 5475
5097 5476
5098 5478
5099 5479
5100 5480
5101 5481
5102 5482
5103 5483
5104 5484
5105 5485
5106 5486
5107 5487
5108 5488
5109 5489
5110 5490
5111 5491
5112 5492
5113 5493
5114 5494
5115 5496
5116 5497
5117 5498
5118 5499
5119 5500
5120 5501
5121 5502
5122 5503
5123 5504
5124 5505
5125 5506
5126 5507
5127 5508
5128 5509
5129 5510
5130 5511
5131 5512
5132 5514
5133 5514
5134 5515
5135 5516
5136 5517
5137 5518
5138 5519
5139 5520
5140 5521
5141 5522
5142 5523
5143 5524
5144 5525
5145 5526
5146 5527
5147 5528
5148 5528
5149 5529
5150 5530
5151 5531
5152 5532
5153 5533
5154 5534
5155 5535
5156 5536
5157 5537
5158 5538
5159 5539
5160 5540
5161 5541
5162 5542
5163 5543
5164 5543
5165 5544
5166 5545
5167 5546
5168 5547
5169 5548
5170 5549
5171 5550
5172 5551
5173 5552
5174 5553
5175 5554
5176 5555
5177 5556
5178 5557
5179 5558
5180 5558
5181 5559
5182 5560
5183 5561
5184 5562
5185 5563
5186 5564
5187 5565
5188 5566
5189 5567
5190 5568
5191 5569
5192 5570
5193 5571
5194 5572
5195 5573
5196 5573
5197 5574
5198 5575
5199 5576
5200 5577
5201 5578
5202 5579
5203 5580
5204 5581
5205 5582
5206 5583
5207 5584
5208 5585
5209 5586
5210 5587
5211 5588
5212 5588
5213 5589
5214 5590
5215 5591
5216 5592
5217 5593
5218 5594
5219 5595
5220 5596
5221 5597
5222 5598
5223 5599
5224 5600
5225 5601
5226 5602
5227 5603
5228 5603
5229 5604
5230 5605
5231 5606
5232 5607
5233 5608
5234 5609
5235 5610
5236 5611
5237 5612
5238 5613
5239 5614
5240 5615
5241 5616
5242 5617
5243 5618
5244 5618
5245 5619
5246 5620
5247 5621
5248 5622
5249 5623
5250 5624
5251 5625
5252 5626
5253 5627
5254 5628
5255 5629
5256 5630
5257 5631
5258 5632
5259 5633
5260 5634
5261 5635
5262 5636
5263 5637
5264 5638
5265 5639
5266 5640
5267 5641
5268 5642
5269 5643
5270 5644
5271 5645
5272 5647
5273 5648
5274 5649
5275 5650
5276 5651
5277 5652
5278 5653
5279 5654
5280 5655
5281 5656
5282 5657
5283 5658
5284 5659
5285 5661
5286 5662
5287 5663
5288 5664
5289 5665
5290 5666
5291 5667
5292 5668
5293 5669
5294 5670
5295 5671
5296 5672
5297 5674
5298 5675
5299 5676
5300 5677
5301 5678
5302 5679
5303 5680
5304 5681
5305 5682
5306 5683
5307 5684
5308 5685
5309 5686
5310 5688
5311 5689
5312 5690
5313 5691
5314 5692
5315 5693
5316 5694
5317 5695
5318 5696
5319 5697
5320 5698
5321 5699
5322 5701
5323 5702
5324 5703
5325 5704
5326 5705
5327 5706
5328 5707
5329 5708
5330 5709
5331 5710
5332 5711
5333 5712
5334 5713
5335 5715
5336 5716
5337 5717
5338 5718
5339 5719
5340 5720
5341 5721
5342 5722
5343 5723
5344 5724
5345 5725
5346 5726
5347 5728
5348 5729
5349 5730
5350 5731
5351 5732
5352 5733
5353 5734
5354 5735
5355 5736
5356 5737
5357 5738
5358 5739
5359 5740
5360 5742
5361 5743
5362 5744
5363 5745
5364 5746
5365 5747
5366 5748
5367 5749
5368 5750
5369 5751
5370 5752
5371 5753
5372 5755
5373 5756
5374 5757
5375 5758
5376 5759
5377 5760
5378 5761
5379 5762
5380 5763
5381 5764
5382 5765
5383 5766
5384 5767
5385 5769
5386 5770
5387 5771
5388 5772
5389 5773
5390 5774
5391 5775
5392 5776
5393 5777
5394 5778
5395 5779
5396 5780
5397 5782
5398 5783
5399 5784
5400 5785
5401 5786
5402 5787
5403 5788
5404 5789
5405 5790
5406 5791
5407 5792
5408 5793
5409 5794
5410 5796
5411 5797
5412 5798
5413 5799
5414 5800
5415 5801
5416 5802
5417 5803
5418 5804
5419 5805
5420 5806
5421 5807
5422 5809
5423 5810
5424 5811
5425 5812
5426 5813
5427 5814
5428 5815
5429 5816
5430 5817
5431 5818
5432 5819
5433 5820
5434 5821
5435 5823
5436 5824
5437 5825
5438 5826
5439 5827
5440 5828
5441 5829
5442 5830
5443 5831
5444 5832
5445 5833
5446 5834
5447 5836
5448 5837
5449 5838
5450 5839
5451 5840
5452 5841
5453 5842
5454 5843
5455 5844
5456 5845
5457 5846
5458 5847
5459 5848
5460 5849
5461 5851
5462 5852
5463 5853
5464 5854
5465 5855
5466 5856
5467 5857
5468 5858
5469 5859
5470 5860
5471 5861
5472 5862
5473 5863
5474 5865
5475 5866
5476 5867
5477 5868
5478 5869
5479 5870
5480 5871
5481 5872
5482 5873
5483 5874
5484 5875
5485 5876
5486 5877
5487 5879
5488 5880
5489 5881
5490 5882
5491 5883
5492 5884
5493 5885
5494 5886
5495 5887
5496 5888
5497 5889
5498 5890
5499 5891
5500 5893
5501 5894
5502 5895
5503 5896
5504 5897
5505 5898
5506 5899
5507 5900
5508 5901
5509 5902
5510 5903
5511 5904
5512 5905
5513 5907
5514 5908
5515 5909
5516 5910
5517 5911
5518 5912
5519 5913
5520 5914
5521 5915
5522 5916
5523 5917
5524 5918
5525 5919
5526 5920
5527 5922
5528 5923
5529 5924
5530 5925
5531 5926
5532 5927
5533 5928
5534 5929
5535 5930
5536 5931
5537 5932
5538 5933
5539 5934
5540 5936
5541 5937
5542 5938
5543 5939
5544 5940
5545 5941
5546 5942
5547 5943
5548 5944
5549 5945
5550 5946
5551 5947
5552 5948
5553 5950
5554 5951
5555 5952
5556 5953
5557 5954
5558 5955
5559 5956
5560 5957
5561 5958
5562 5959
5563 5960
5564 5961
5565 5962
5566 5964
5567 5965
5568 5966
5569 5967
5570 5968
5571 5969
5572 5970
5573 5971
5574 5972
5575 5973
5576 5974
5577 5975
5578 5976
5579 5978
5580 5979
5581 5980
5582 5981
5583 5983
5584 5984
5585 5985
5586 5986
5587 5988
5588 5989
5589 5990
5590 5991
5591 5993
5592 5994
5593 5995
5594 5997
5595 5998
5596 5999
5597 6000
5598 6002
5599 6003
5600 6004
5601 6005
5602 6007
5603 6008
5604 6009
5605 6011
5606 6012
5607 6013
5608 6014
5609 6016
5610 6017
5611 6018
5612 6019
5613 6021
5614 6022
5615 6023
5616 6024
5617 6026
5618 6027
5619 6028
5620 6030
5621 6031
5622 6032
5623 6033
5624 6035
5625 6036
5626 6037
5627 6038
5628 6040
5629 6041
5630 6042
5631 6044
5632 6045
5633 6046
5634 6047
5635 6049
5636 6050
5637 6051
5638 6052
5639 6054
5640 6055
5641 6056
5642 6058
5643 6059
5644 6060
5645 6061
5646 6063
5647 6064
5648 6065
5649 6066
5650 6068
5651 6069
5652 6070
5653 6071
5654 6073
5655 6074
5656 6075
5657 6077
5658 6078
5659 6079
5660 6080
5661 6082
5662 6083
5663 6084
5664 6085
5665 6087
5666 6088
5667 6089
5668 6091
5669 6092
5670 6093
5671 6094
5672 6096
5673 6097
5674 6098
5675 6099
5676 6101
5677 6102
5678 6103
5679 6105
5680 6106
5681 6108
5682 6109
5683 6111
5684 6112
5685 6114
5686 6116
5687 6117
5688 6119
5689 6120
5690 6122
5691 6124
5692 6125
5693 6127
5694 6128
5695 6130
5696 6131
5697 6133
5698 6135
5699 6136
5700 6138
5701 6139
5702 6141
5703 6143
5704 6144
5705 6146
5706 6147
5707 6149
5708 6150
5709 6152
5710 6154
5711 6155
5712 6157
5713 6158
5714 6160
5715 6162
5716 6163
5717 6165
5718 6166
5719 6168
5720 6170
5721 6171
5722 6173
5723 6174
5724 6176
5725 6177
5726 6179
5727 6181
5728 6182
5729 6184
5730 6185
5731 6187
5732 6189
5733 6190
5734 6192
5735 6193
5736 6195
5737 6196
5738 6198
5739 6200
5740 6201
5741 6203
5742 6204
5743 6206
5744 6208
5745 6209
5746 6211
5747 6212
5748 6214
5749 6215
5750 6217
5751 6219
5752 6220
5753 6222
5754 6223
5755 6225
5756 6227
5757 6228
5758 6230
5759 6231
5760 6233
5761 6235
5762 6235
5763 6235
5764 6235
5765 6235
5766 6236
5767 6236
5768 6236
5769 6236
5770 6237
5771 6237
5772 6237
5773 6237
5774 6238
5775 6238
5776 6238
5777 6238
5778 6239
5779 6239
5780 6239
5781 6239
5782 6240
5783 6240
5784 6240
5785 6240
5786 6241
5787 6241
5788 6241
5789 6241
5790 6242
5791 6242
5792 6242
5793 6242
5794 6243
5795 6243
5796 6243
5797 6243
5798 6244
5799 6244
5800 6244
5801 6244
5802 6245
5803 6245
5804 6245
5805 6245
5806 6246
5807 6246
5808 6246
5809 6246
5810 6247
5811 6247
5812 6247
5813 6247
5814 6248
5815 6248
5816 6248
5817 6248
5818 6249
5819 6249
5820 6249
5821 6249
5822 6250
5823 6250
5824 6250
5825 6250
5826 6251
5827 6251
5828 6251
5829 6251
5830 6252
5831 6252
5832 6252
5833 6252
5834 6253
5835 6253
5836 6253
5837 6253
5838 6254
5839 6254
5840 6254
5841 6254
5842 6255
5843 6255
5844 6255
5845 6255
5846 6256
5847 6256
5848 6256
5849 6256
5850 6257
5851 6257
5852 6257
5853 6257
5854 6258
5855 6258
5856 6258
5857 6258
5858 6259
5859 6259
5860 6259
5861 6259
5862 6260
5863 6260
5864 6260
5865 6260
5866 6261
5867 6261
5868 6261
5869 6261
5870 6262
5871 6262
5872 6262
5873 6262
5874 6263
5875 6263
5876 6263
5877 6263
5878 6264
5879 6264
5880 6264
5881 6264
5882 6265
5883 6265
5884 6265
5885 6265
5886 6266
5887 6266
5888 6266
5889 6266
5890 6267
5891 6267
5892 6267
5893 6267
5894 6268
5895 6268
5896 6268
5897 6268
5898 6269
5899 6269
5900 6269
5901 6269
5902 6270
5903 6270
5904 6270
5905 6270
5906 6271
5907 6271
5908 6271
5909 6271
5910 6272
5911 6272
5912 6272
5913 6272
5914 6273
5915 6273
5916 6273
5917 6273
5918 6274
5919 6274
5920 6274
5921 6274
5922 6275
5923 6275
5924 6275
5925 6275
5926 6276
5927 6276
5928 6276
5929 6276
5930 6277
5931 6277
5932 6277
5933 6277
5934 6278
5935 6278
5936 6278
5937 6278
5938 6279
5939 6279
5940 6279
5941 6279
5942 6280
5943 6280
5944 6280
5945 6280
5946 6281
5947 6281
5948 6281
5949 6281
5950 6282
5951 6282
5952 6282
5953 6282
5954 6283
5955 6283
5956 6283
5957 6283
5958 6284
5959 6284
5960 6284
5961 6284
5962 6285
5963 6285
5964 6285
5965 6285
5966 6286
5967 6286
5968 6286
5969 6286
5970 6287
5971 6287
5972 6287
5973 6287
5974 6288
5975 6288
5976 6288
5977 6288
5978 6289
5979 6289
5980 6289
5981 6289
5982 6290
5983 6290
5984 6290
5985 6290
5986 6291
5987 6291
5988 6291
5989 6291
5990 6292
5991 6292
5992 6292
5993 6292
5994 6293
5995 6293
5996 6293
5997 6293
5998 6294
5999 6294
6000 6294
6001 6294
6002 6295
6003 6295
6004 6295
6005 6295
6006 6296
6007 6296
6008 6296
6009 6296
6010 6297
6011 6297
6012 6297
6013 6297
6014 6298
6015 6298
6016 6298
6017 6298
6018 6299
6019 6299
6020 6299
6021 6299
6022 6300
6023 6300
6024 6300
6025 6300
6026 6301
6027 6301
6028 6301
6029 6301
6030 6302
6031 6302
6032 6302
6033 6302
6034 6303
6035 6303
6036 6303
6037 6303
6038 6304
6039 6304
6040 6304
6041 6304
6042 6305
6043 6305
6044 6305
6045 6305
6046 6306
6047 6306
6048 6306
6049 6306
6050 6307
6051 6307
6052 6307
6053 6307
6054 6308
6055 6308
6056 6308
6057 6308
6058 6309
6059 6309
6060 6309
6061 6309
6062 6310
6063 6310
6064 6310
6065 6310
6066 6311
6067 6311
6068 6311
6069 6311
6070 6312
6071 6312
6072 6312
6073 6312
6074 6313
6075 6313
6076 6313
6077 6313
6078 6314
6079 6314
6080 6314
6081 6314
6082 6315
6083 6315
6084 6315
6085 6315
6086 6315
6087 6316
6088 6316
6089 6316
6090 6316
6091 6317
6092 6317
6093 6317
6094 6317
6095 6318
6096 6318
6097 6318
6098 6318
6099 6319
6100 6319
6101 6319
6102 6319
6103 6320
6104 6320
6105 6320
6106 6320
6107 6321
6108 6321
6109 6321
6110 6321
6111 6322
6112 6322
6113 6322
6114 6322
6115 6323
6116 6323
6117 6323
6118 6323
6119 6324
6120 6324
6121 6324
6122 6324
6123 6325
6124 6325
6125 6325
6126 6325
6127 6326
6128 6326
6129 6326
6130 6326
6131 6327
6132 6327
6133 6327
6134 6327
6135 6328
6136 6328
6137 6328
6138 6328
6139 6329
6140 6329
6141 6329
6142 6329
6143 6330
6144 6330
6145 6330
6146 6330
6147 6331
6148 6331
6149 6331
6150 6331
6151 6332
6152 6332
6153 6332
6154 6332
6155 6333
6156 6333
6157 6333
6158 6333
6159 6334
6160 6334
6161 6334
6162 6334
6163 6335
6164 6335
6165 6335
6166 6335
6167 6336
6168 6336
6169 6336
6170 6336
6171 6337
6172 6337
6173 6337
6174 6337
6175 6338
6176 6338
6177 6338
6178 6338
6179 6339
6180 6339
6181 6339
6182 6339
6183 6340
6184 6340
6185 6340
6186 6340
6187 6341
6188 6341
6189 6341
6190 6341
6191 6342
6192 6342
6193 6342
6194 6342
6195 6343
6196 6343
6197 6343
6198 6343
6199 6344
6200 6344
6201 6344
6202 6344
6203 6345
6204 6345
6205 6345
6206 6345
6207 6346
6208 6346
6209 6346
6210 6346
6211 6347
6212 6347
6213 6347
6214 6347
6215 6348
6216 6348
6217 6348
6218 6348
6219 6349
6220 6349
6221 6349
6222 6349
6223 6350
6224 6350
6225 6350
6226 6350
6227 6351
6228 6351
6229 6351
6230 6351
6231 6352
6232 6352
6233 6352
6234 6352
6235 6353
6236 6353
6237 6353
6238 6353
6239 6354
6240 6354
6241 6354
6242 6354
6243 6355
6244 6355
6245 6355
6246 6355
6247 6356
6248 6356
6249 6356
6250 6356
6251 6357
6252 6357
6253 6357
6254 6357
6255 6358
6256 6358
6257 6358
6258 6358
6259 6359
6260 6359
6261 6359
6262 6359
6263 6360
6264 6360
6265 6360
6266 6360
6267 6361
6268 6361
6269 6361
6270 6361
6271 6362
6272 6362
6273 6362
6274 6362
6275 6363
6276 6363
6277 6363
6278 6363
6279 6364
6280 6364
6281 6364
6282 6364
6283 6365
6284 6365
6285 6365
6286 6365
6287 6366
6288 6366
6289 6366
6290 6366
6291 6367
6292 6367
6293 6367
6294 6367
6295 6368
6296 6368
6297 6368
6298 6368
6299 6369
6300 6369
6301 6369
6302 6369
6303 6370
6304 6370
6305 6370
6306 6370
6307 6371
6308 6371
6309 6371
6310 6371
6311 6372
6312 6372
6313 6372
6314 6372
6315 6373
6316 6373
6317 6373
6318 6373
6319 6374
6320 6374
6321 6374
6322 6374
6323 6375
6324 6375
6325 6375
6326 6375
6327 6376
6328 6376
6329 6376
6330 6376
6331 6377
6332 6377
6333 6377
6334 6377
6335 6378
6336 6378
6337 6378
6338 6378
6339 6379
6340 6379
6341 6379
6342 6379
6343 6380
6344 6380
6345 6380
6346 6380
6347 6381
6348 6381
6349 6381
6350 6381
6351 6382
6352 6382
6353 6382
6354 6382
6355 6383
6356 6383
6357 6383
6358 6383
6359 6384
6360 6384
6361 6384
6362 6384
6363 6385
6364 6385
6365 6385
6366 6385
6367 6386
6368 6386
6369 6386
6370 6386
6371 6387
6372 6387
6373 6387
6374 6387
6375 6388
6376 6388
6377 6388
6378 6388
6379 6389
6380 6389
6381 6389
6382 6389
6383 6390
6384 6390
6385 6390
6386 6390
6387 6391
6388 6391
6389 6391
6390 6391
6391 6392
6392 6392
6393 6392
6394 6392
6395 6393
6396 6393
6397 6393
6398 6393
6399 6394
6400 6394
6401 6394
6402 6394
6403 6395
6404 6395
6405 6395
6406 6395
