0 0
1 0
2 0
3 0
4 0
5 0
6 0
7 0
8 0
9 0
10 0
11 0
12 0
13 0
14 0
15 0
16 0
17 0
18 0
19 0
20 0
21 0
22 0
23 0
24 0
25 0
26 0
27 0
28 0
29 0
30 0
31 0
32 0
33 0
34 0
35 0
36 0
37 0
38 0
39 0
40 0
41 0
42 0
43 0
44 0
45 0
46 0
47 0
48 0
49 0
50 0
51 0
52 0
53 0
54 0
55 0
56 0
57 0
58 0
59 0
60 0
61 0
62 0
63 0
64 0
65 0
66 0
67 0
68 0
69 0
70 0
71 0
72 0
73 0
74 0
75 0
76 0
77 0
78 0
79 0
80 0
81 0
82 0
83 1
84 2
85 4
86 5
87 7
88 8
89 10
90 11
91 13
92 14
93 16
94 17
95 19
96 20
97 22
98 23
99 25
100 26
101 28
102 29
103 31
104 32
105 34
106 35
107 37
108 38
109 40
110 41
111 43
112 44
113 46
114 47
115 49
116 50
117 52
118 53
119 54
120 55
121 56
122 57
123 58
124 59
125 60
126 61
127 62
128 63
129 64
130 65
131 66
132 67
133 68
134 69
135 70
136 71
137 72
138 73
139 74
140 75
141 76
142 77
143 78
144 79
145 80
146 81
147 82
148 83
149 84
150 85
151 86
152 87
153 88
154 89
155 90
156 91
157 92
158 93
159 94
160 95
161 96
162 97
163 98
164 99
165 100
166 101
167 102
168 103
169 104
170 105
171 106
172 107
173 108
174 109
175 110
176 111
177 112
178 113
179 114
180 115
181 116
182 117
183 118
184 119
185 120
186 121
187 122
188 123
189 124
190 125
191 126
192 127
193 128
194 129
195 130
196 131
197 132
198 133
199 134
200 135
201 136
202 137
203 138
204 139
205 140
206 141
207 142
208 143
209 144
210 145
211 146
212 147
213 148
214 149
215 150
216 151
217 152
218 153
219 154
220 155
221 156
222 157
223 158
224 159
225 160
226 161
227 162
228 163
229 164
230 165
231 166
232 167
233 168
234 169
235 170
236 171
237 172
238 173
239 174
240 175
241 176
242 177
243 178
244 179
245 180
246 181
247 182
248 183
249 184
250 185
251 186
252 187
253 188
254 189
255 190
256 191
257 192
258 193
259 194
260 195
261 196
262 197
263 198
264 199
265 200
266 201
267 202
268 203
269 204
270 205
271 206
272 207
273 208
274 209
275 210
276 211
277 212
278 213
279 214
280 215
281 216
282 217
283 218
284 219
285 220
286 221
287 222
288 223
289 224
290 225
291 226
292 227
293 227
294 228
295 229
296 230
297 231
298 232
299 232
300 233
301 234
302 235
303 236
304 237
305 237
306 238
307 239
308 240
309 241
310 242
311 243
312 243
313 244
314 245
315 246
316 247
317 248
318 248
319 249
320 250
321 251
322 252
323 253
324 253
325 254
326 255
327 256
328 257
329 258
330 259
331 259
332 260
333 261
334 262
335 263
336 264
337 264
338 265
339 266
340 267
341 268
342 269
343 270
344 270
345 271
346 272
347 273
348 274
349 275
350 275
351 276
352 277
353 278
354 279
355 280
356 280
357 281
358 282
359 283
360 284
361 285
362 286
363 286
364 287
365 288
366 289
367 290
368 291
369 291
370 292
371 293
372 294
373 295
374 296
375 297
376 298
377 299
378 300
379 301
380 302
381 303
382 304
383 305
384 306
385 307
386 308
387 310
388 311
389 312
390 313
391 314
392 315
393 316
394 317
395 318
396 319
397 320
398 321
399 323
400 324
401 325
402 326
403 327
404 328
405 329
406 330
407 331
408 332
409 333
410 334
411 336
412 337
413 338
414 339
415 340
416 341
417 342
418 343
419 344
420 345
421 346
422 348
423 349
424 350
425 351
426 352
427 353
428 354
429 355
430 356
431 357
432 358
433 359
434 361
435 362
436 363
437 364
438 365
439 366
440 367
441 368
442 369
443 370
444 371
445 372
446 374
447 375
448 376
449 377
450 378
451 379
452 380
453 381
454 382
455 383
456 384
457 385
458 387
459 388
460 389
461 390
462 391
463 392
464 393
465 394
466 395
467 396
468 397
469 399
470 400
471 401
472 402
473 403
474 404
475 405
476 406
477 407
478 408
479 409
480 410
481 412
482 413
483 414
484 415
485 416
486 417
487 418
488 419
489 420
490 421
491 422
492 423
493 425
494 426
495 427
496 428
497 429
498 430
499 431
500 432
501 433
502 434
503 435
504 437
505 437
506 438
507 439
508 440
509 441
510 442
511 443
512 444
513 445
514 446
515 447
516 448
517 449
518 450
519 451
520 452
521 452
522 453
523 454
524 455
525 456
526 457
527 458
528 459
529 460
530 461
531 462
532 463
533 464
534 465
535 466
536 467
537 467
538 468
539 469
540 470
541 471
542 472
543 473
544 474
545 475
546 476
547 477
548 478
549 479
550 480
551 481
552 482
553 482
554 483
555 484
556 485
557 486
558 487
559 488
560 489
561 490
562 491
563 492
564 493
565 494
566 495
567 496
568 497
569 497
570 498
571 499
572 500
573 501
574 502
575 503
576 504
577 505
578 506
579 507
580 508
581 509
582 510
583 511
584 512
585 513
586 513
587 514
588 515
589 516
590 517
591 518
592 519
593 520
594 521
595 522
596 523
597 524
598 525
599 526
600 527
601 528
602 529
603 530
604 531
605 532
606 532
607 533
608 534
609 535
610 536
611 537
612 538
613 539
614 540
615 541
616 542
617 543
618 544
619 545
620 546
621 547
622 548
623 549
624 550
625 551
626 551
627 552
628 553
629 554
630 555
631 556
632 557
633 558
634 559
635 560
636 561
637 562
638 563
639 564
640 565
641 566
642 567
643 568
644 569
645 570
646 570
647 571
648 572
649 573
650 574
651 575
652 576
653 577
654 578
655 579
656 580
657 581
658 582
659 583
660 584
661 585
662 586
663 587
664 588
665 589
666 590
667 591
668 592
669 593
670 594
671 595
672 596
673 597
674 598
675 599
676 600
677 601
678 602
679 603
680 604
681 605
682 606
683 607
684 609
685 610
686 611
687 612
688 613
689 614
690 615
691 616
692 617
693 618
694 619
695 620
696 621
697 622
698 623
699 624
700 625
701 627
702 628
703 629
704 630
705 631
706 632
707 633
708 634
709 635
710 636
711 637
712 638
713 639
714 640
715 641
716 642
717 643
718 645
719 646
720 647
721 648
722 649
723 650
724 651
725 652
726 653
727 654
728 655
729 656
730 657
731 658
732 659
733 660
734 661
735 662
736 664
737 665
738 666
739 667
740 668
741 669
742 670
743 671
744 672
745 673
746 674
747 675
748 676
749 677
750 678
751 679
752 680
753 682
754 683
755 684
756 685
757 686
758 687
759 688
760 689
761 690
762 691
763 692
764 693
765 694
766 695
767 696
768 697
769 698
770 700
771 701
772 702
773 703
774 704
775 705
776 706
777 707
778 708
779 709
780 710
781 711
782 712
783 713
784 714
785 715
786 716
787 717
788 719
789 720
790 721
791 722
792 723
793 724
794 725
795 726
796 727
797 728
798 729
799 730
800 731
801 732
802 733
803 734
804 735
805 737
806 738
807 739
808 740
809 741
810 742
811 743
812 744
813 745
814 746
815 747
816 748
817 749
818 750
819 751
820 752
821 753
822 755
823 756
824 757
825 758
826 759
827 761
828 762
829 763
830 764
831 766
832 767
833 768
834 769
835 771
836 772
837 773
838 774
839 775
840 777
841 778
842 779
843 780
844 782
845 783
846 784
847 785
848 787
849 788
850 789
851 790
852 791
853 793
854 794
855 795
856 796
857 798
858 799
859 800
860 801
861 803
862 804
863 805
864 806
865 807
866 809
867 810
868 811
869 812
870 814
871 815
872 816
873 817
874 819
875 820
876 821
877 822
878 823
879 825
880 826
881 827
882 828
883 830
884 831
885 832
886 833
887 835
888 836
889 837
890 838
891 839
892 841
893 842
894 843
895 844
896 846
897 847
898 848
899 849
900 851
901 852
902 853
903 854
904 855
905 857
906 858
907 859
908 860
909 862
910 863
911 864
912 865
913 867
914 868
915 869
916 870
917 871
918 873
919 874
920 875
921 876
922 878
923 879
924 880
925 881
926 883
927 883
928 884
929 885
930 886
931 887
932 888
933 889
934 890
935 891
936 892
937 893
938 894
939 895
940 896
941 897
942 898
943 899
944 900
945 901
946 902
947 903
948 904
949 904
950 905
951 906
952 907
953 908
954 909
955 910
956 911
957 912
958 913
959 914
960 915
961 916
962 917
963 918
964 919
965 920
966 921
967 922
968 923
969 924
970 925
971 925
972 926
973 927
974 928
975 929
976 930
977 931
978 932
979 933
980 934
981 935
982 936
983 937
984 938
985 939
986 940
987 941
988 942
989 943
990 944
991 945
992 946
993 946
994 947
995 948
996 949
997 950
998 951
999 952
1000 953
1001 954
1002 955
1003 956
1004 957
1005 958
1006 959
1007 960
1008 961
1009 962
1010 963
1011 964
1012 965
1013 966
1014 967
1015 967
1016 968
1017 969
1018 970
1019 971
1020 972
1021 973
1022 974
1023 975
1024 976
1025 977
1026 978
1027 979
1028 980
1029 981
1030 982
1031 983
1032 984
1033 985
1034 986
1035 987
1036 988
1037 988
1038 989
1039 990
1040 991
1041 992
1042 993
1043 994
1044 995
1045 996
1046 997
1047 998
1048 999
1049 1000
1050 1001
1051 1002
1052 1003
1053 1004
1054 1005
1055 1006
1056 1007
1057 1008
1058 1009
1059 1009
1060 1010
1061 1011
1062 1012
1063 1013
1064 1014
1065 1015
1066 1016
1067 1017
1068 1018
1069 1019
1070 1020
1071 1021
1072 1022
1073 1023
1074 1024
1075 1025
1076 1026
1077 1027
1078 1028
1079 1029
1080 1030
1081 1030
1082 1031
1083 1032
1084 1033
1085 1034
1086 1035
1087 1036
1088 1037
1089 1038
1090 1039
1091 1040
1092 1041
1093 1042
1094 1043
1095 1044
1096 1045
1097 1046
1098 1047
1099 1048
1100 1049
1101 1050
1102 1051
1103 1051
1104 1052
1105 1053
1106 1054
1107 1055
1108 1056
1109 1057
1110 1058
1111 1059
1112 1060
1113 1061
1114 1062
1115 1063
1116 1064
1117 1065
1118 1066
1119 1067
1120 1068
1121 1069
1122 1070
1123 1071
1124 1072
1125 1072
1126 1073
1127 1074
1128 1075
1129 1076
1130 1077
1131 1078
1132 1079
1133 1080
1134 1081
1135 1082
1136 1083
1137 1084
1138 1085
1139 1086
1140 1087
1141 1088
1142 1089
1143 1090
1144 1091
1145 1092
1146 1093
1147 1094
1148 1095
1149 1096
1150 1097
1151 1097
1152 1098
1153 1099
1154 1100
1155 1101
1156 1102
1157 1103
1158 1104
1159 1105
1160 1106
1161 1107
1162 1108
1163 1109
1164 1110
1165 1111
1166 1112
1167 1113
1168 1114
1169 1115
1170 1116
1171 1117
1172 1118
1173 1119
1174 1120
1175 1121
1176 1122
1177 1123
1178 1123
1179 1124
1180 1125
1181 1126
1182 1127
1183 1128
1184 1129
1185 1130
1186 1131
1187 1132
1188 1133
1189 1134
1190 1135
1191 1136
1192 1137
1193 1138
1194 1139
1195 1140
1196 1141
1197 1142
1198 1143
1199 1144
1200 1145
1201 1146
1202 1147
1203 1148
1204 1148
1205 1149
1206 1150
1207 1151
1208 1152
1209 1153
1210 1154
1211 1155
1212 1156
1213 1157
1214 1158
1215 1159
1216 1160
1217 1161
1218 1162
1219 1163
1220 1164
1221 1165
1222 1166
1223 1167
1224 1168
1225 1169
1226 1170
1227 1171
1228 1172
1229 1173
1230 1174
1231 1174
1232 1175
1233 1176
1234 1177
1235 1178
1236 1179
1237 1180
1238 1181
1239 1182
1240 1183
1241 1184
1242 1185
1243 1186
1244 1187
1245 1188
1246 1189
1247 1190
1248 1191
1249 1192
1250 1193
1251 1194
1252 1195
1253 1196
1254 1197
1255 1198
1256 1199
1257 1199
1258 1200
1259 1201
1260 1202
1261 1203
1262 1204
1263 1205
1264 1206
1265 1207
1266 1208
1267 1209
1268 1210
1269 1211
1270 1212
1271 1213
1272 1214
1273 1215
1274 1216
1275 1217
1276 1218
1277 1219
1278 1220
1279 1221
1280 1222
1281 1223
1282 1224
1283 1225
1284 1225
1285 1226
1286 1227
1287 1228
1288 1229
1289 1230
1290 1231
1291 1232
1292 1233
1293 1234
1294 1235
1295 1235
1296 1236
1297 1237
1298 1238
1299 1239
1300 1240
1301 1241
1302 1242
1303 1243
1304 1244
1305 1245
1306 1245
1307 1246
1308 1247
1309 1248
1310 1249
1311 1250
1312 1251
1313 1252
1314 1253
1315 1254
1316 1255
1317 1255
1318 1256
1319 1257
1320 1258
1321 1259
1322 1260
1323 1261
1324 1262
1325 1263
1326 1264
1327 1265
1328 1266
1329 1266
1330 1267
1331 1268
1332 1269
1333 1270
1334 1271
1335 1272
1336 1273
1337 1274
1338 1275
1339 1276
1340 1276
1341 1277
1342 1278
1343 1279
1344 1280
1345 1281
1346 1282
1347 1283
1348 1284
1349 1285
1350 1286
1351 1286
1352 1287
1353 1288
1354 1289
1355 1290
1356 1291
1357 1292
1358 1293
1359 1294
1360 1295
1361 1296
1362 1296
1363 1297
1364 1298
1365 1299
1366 1300
1367 1301
1368 1302
1369 1303
1370 1304
1371 1305
1372 1306
1373 1307
1374 1307
1375 1308
1376 1309
1377 1310
1378 1311
1379 1312
1380 1313
1381 1314
1382 1315
1383 1316
1384 1317
1385 1318
1386 1319
1387 1320
1388 1321
1389 1322
1390 1323
1391 1324
1392 1325
1393 1326
1394 1327
1395 1328
1396 1329
1397 1330
1398 1331
1399 1332
1400 1333
1401 1334
1402 1335
1403 1336
1404 1337
1405 1338
1406 1339
1407 1340
1408 1341
1409 1342
1410 1343
1411 1344
1412 1345
1413 1346
1414 1347
1415 1348
1416 1349
1417 1350
1418 1351
1419 1352
1420 1353
1421 1354
1422 1355
1423 1356
1424 1357
1425 1358
1426 1359
1427 1360
1428 1361
1429 1362
1430 1363
1431 1364
1432 1365
1433 1366
1434 1367
1435 1368
1436 1368
1437 1369
1438 1370
1439 1371
1440 1372
1441 1373
1442 1374
1443 1375
1444 1376
1445 1377
1446 1378
1447 1379
1448 1380
1449 1381
1450 1382
1451 1383
1452 1384
1453 1385
1454 1386
1455 1387
1456 1388
1457 1389
1458 1390
1459 1391
1460 1392
1461 1393
1462 1394
1463 1395
1464 1396
1465 1397
1466 1398
1467 1399
1468 1400
1469 1401
1470 1402
1471 1403
1472 1404
1473 1405
1474 1406
1475 1407
1476 1408
1477 1409
1478 1410
1479 1411
1480 1412
1481 1413
1482 1414
1483 1415
1484 1416
1485 1417
1486 1418
1487 1419
1488 1420
1489 1421
1490 1422
1491 1423
1492 1424
1493 1425
1494 1426
1495 1427
1496 1428
1497 1429
1498 1429
1499 1430
1500 1431
1501 1432
1502 1433
1503 1434
1504 1435
1505 1436
1506 1437
1507 1438
1508 1439
1509 1440
1510 1441
1511 1442
1512 1443
1513 1444
1514 1445
1515 1446
1516 1447
1517 1448
1518 1449
1519 1450
1520 1451
1521 1452
1522 1453
1523 1454
1524 1455
1525 1456
1526 1457
1527 1458
1528 1459
1529 1460
1530 1461
1531 1462
1532 1463
1533 1464
1534 1465
1535 1466
1536 1467
1537 1468
1538 1469
1539 1470
1540 1471
1541 1472
1542 1473
1543 1474
1544 1475
1545 1476
1546 1477
1547 1478
1548 1479
1549 1480
1550 1481
1551 1482
1552 1483
1553 1484
1554 1485
1555 1486
1556 1487
1557 1488
1558 1489
1559 1490
1560 1490
1561 1491
1562 1492
1563 1493
1564 1494
1565 1495
1566 1496
1567 1496
1568 1497
1569 1498
1570 1499
1571 1500
1572 1501
1573 1502
1574 1502
1575 1503
1576 1504
1577 1505
1578 1506
1579 1507
1580 1508
1581 1508
1582 1509
1583 1510
1584 1511
1585 1512
1586 1513
1587 1514
1588 1515
1589 1515
1590 1516
1591 1517
1592 1518
1593 1519
1594 1520
1595 1521
1596 1521
1597 1522
1598 1523
1599 1524
1600 1525
1601 1526
1602 1527
1603 1527
1604 1528
1605 1529
1606 1530
1607 1531
1608 1532
1609 1533
1610 1534
1611 1534
1612 1535
1613 1536
1614 1537
1615 1538
1616 1539
1617 1540
1618 1540
1619 1541
1620 1542
1621 1543
1622 1544
1623 1545
1624 1546
1625 1546
1626 1547
1627 1548
1628 1549
1629 1550
1630 1551
1631 1552
1632 1552
1633 1553
1634 1554
1635 1555
1636 1556
1637 1557
1638 1558
1639 1559
1640 1559
1641 1560
1642 1561
1643 1562
1644 1563
1645 1564
1646 1565
1647 1565
1648 1566
1649 1567
1650 1568
1651 1569
1652 1570
1653 1571
1654 1571
1655 1572
1656 1573
1657 1574
1658 1575
1659 1576
1660 1577
1661 1578
1662 1578
1663 1579
1664 1580
1665 1581
1666 1582
1667 1583
1668 1584
1669 1584
1670 1585
1671 1586
1672 1587
1673 1588
1674 1589
1675 1590
1676 1590
1677 1591
1678 1592
1679 1593
1680 1594
1681 1595
1682 1596
1683 1597
1684 1597
1685 1598
1686 1599
1687 1600
1688 1601
1689 1602
1690 1603
1691 1604
1692 1605
1693 1606
1694 1607
1695 1607
1696 1608
1697 1609
1698 1610
1699 1611
1700 1612
1701 1613
1702 1614
1703 1615
1704 1616
1705 1617
1706 1617
1707 1618
1708 1619
1709 1620
1710 1621
1711 1622
1712 1623
1713 1624
1714 1625
1715 1626
1716 1627
1717 1627
1718 1628
1719 1629
1720 1630
1721 1631
1722 1632
1723 1633
1724 1634
1725 1635
1726 1636
1727 1637
1728 1638
1729 1638
1730 1639
1731 1640
1732 1641
1733 1642
1734 1643
1735 1644
1736 1645
1737 1646
1738 1647
1739 1648
1740 1648
1741 1649
1742 1650
1743 1651
1744 1652
1745 1653
1746 1654
1747 1655
1748 1656
1749 1657
1750 1658
1751 1658
1752 1659
1753 1660
1754 1661
1755 1662
1756 1663
1757 1664
1758 1665
1759 1666
1760 1667
1761 1668
1762 1668
1763 1669
1764 1670
1765 1671
1766 1672
1767 1673
1768 1674
1769 1675
1770 1676
1771 1677
1772 1678
1773 1679
1774 1679
1775 1680
1776 1681
1777 1682
1778 1683
1779 1684
1780 1685
1781 1686
1782 1687
1783 1688
1784 1689
1785 1689
1786 1690
1787 1691
1788 1692
1789 1693
1790 1694
1791 1695
1792 1696
1793 1697
1794 1698
1795 1699
1796 1699
1797 1700
1798 1701
1799 1702
1800 1703
1801 1704
1802 1705
1803 1706
1804 1707
1805 1708
1806 1709
1807 1710
1808 1710
1809 1711
1810 1712
1811 1713
1812 1714
1813 1715
1814 1716
1815 1717
1816 1718
1817 1719
1818 1720
1819 1721
1820 1722
1821 1723
1822 1724
1823 1725
1824 1726
1825 1727
1826 1728
1827 1729
1828 1730
1829 1731
1830 1732
1831 1733
1832 1734
1833 1735
1834 1736
1835 1737
1836 1738
1837 1739
1838 1740
1839 1741
1840 1742
1841 1743
1842 1744
1843 1745
1844 1746
1845 1747
1846 1748
1847 1749
1848 1750
1849 1751
1850 1752
1851 1753
1852 1754
1853 1755
1854 1756
1855 1757
1856 1758
1857 1759
1858 1760
1859 1761
1860 1762
1861 1763
1862 1764
1863 1765
1864 1766
1865 1767
1866 1768
1867 1769
1868 1770
1869 1771
1870 1772
1871 1773
1872 1774
1873 1775
1874 1776
1875 1777
1876 1778
1877 1779
1878 1780
1879 1781
1880 1782
1881 1783
1882 1784
1883 1785
1884 1786
1885 1787
1886 1788
1887 1788
1888 1789
1889 1790
1890 1791
1891 1792
1892 1793
1893 1794
1894 1795
1895 1796
1896 1796
1897 1797
1898 1798
1899 1799
1900 1800
1901 1801
1902 1802
1903 1803
1904 1804
1905 1804
1906 1805
1907 1806
1908 1807
1909 1808
1910 1809
1911 1810
1912 1811
1913 1812
1914 1813
1915 1813
1916 1814
1917 1815
1918 1816
1919 1817
1920 1818
1921 1819
1922 1820
1923 1821
1924 1821
1925 1822
1926 1823
1927 1824
1928 1825
1929 1826
1930 1827
1931 1828
1932 1829
1933 1829
1934 1830
1935 1831
1936 1832
1937 1833
1938 1834
1939 1835
1940 1836
1941 1837
1942 1838
1943 1838
1944 1839
1945 1840
1946 1841
1947 1842
1948 1843
1949 1844
1950 1845
1951 1846
1952 1846
1953 1847
1954 1848
1955 1849
1956 1850
1957 1851
1958 1852
1959 1853
1960 1854
1961 1854
1962 1855
1963 1856
1964 1857
1965 1858
1966 1859
1967 1860
1968 1861
1969 1862
1970 1863
1971 1863
1972 1864
1973 1865
1974 1866
1975 1867
1976 1868
1977 1869
1978 1870
1979 1871
1980 1871
1981 1872
1982 1873
1983 1874
1984 1875
1985 1876
1986 1877
1987 1878
1988 1879
1989 1880
1990 1880
1991 1881
1992 1882
1993 1882
1994 1883
1995 1884
1996 1885
1997 1885
1998 1886
1999 1887
2000 1887
2001 1888
2002 1889
2003 1890
2004 1890
2005 1891
2006 1892
2007 1892
2008 1893
2009 1894
2010 1895
2011 1895
2012 1896
2013 1897
2014 1897
2015 1898
2016 1899
2017 1900
2018 1900
2019 1901
2020 1902
2021 1902
2022 1903
2023 1904
2024 1905
2025 1905
2026 1906
2027 1907
2028 1907
2029 1908
2030 1909
2031 1910
2032 1910
2033 1911
2034 1912
2035 1913
2036 1913
2037 1914
2038 1915
2039 1915
2040 1916
2041 1917
2042 1918
2043 1918
2044 1919
2045 1920
2046 1920
2047 1921
2048 1922
2049 1923
2050 1923
2051 1924
2052 1925
2053 1925
2054 1926
2055 1927
2056 1928
2057 1928
2058 1929
2059 1930
2060 1930
2061 1931
2062 1932
2063 1933
2064 1933
2065 1934
2066 1935
2067 1935
2068 1936
2069 1937
2070 1938
2071 1938
2072 1939
2073 1940
2074 1940
2075 1941
2076 1942
2077 1943
2078 1943
2079 1944
2080 1945
2081 1946
2082 1946
2083 1947
2084 1948
2085 1948
2086 1949
2087 1950
2088 1951
2089 1951
2090 1952
2091 1953
2092 1953
2093 1954
2094 1955
2095 1956
2096 1956
2097 1957
2098 1958
2099 1958
2100 1959
2101 1960
2102 1961
2103 1961
2104 1962
2105 1963
2106 1963
2107 1964
2108 1965
2109 1966
2110 1966
2111 1967
2112 1968
2113 1968
2114 1969
2115 1970
2116 1971
2117 1971
2118 1972
2119 1973
2120 1973
2121 1974
2122 1975
2123 1976
2124 1976
2125 1977
2126 1978
2127 1979
2128 1979
2129 1980
2130 1981
2131 1981
2132 1982
2133 1983
2134 1984
2135 1984
2136 1985
2137 1986
2138 1986
2139 1987
2140 1988
2141 1989
2142 1989
2143 1990
2144 1991
2145 1991
2146 1992
2147 1993
2148 1994
2149 1994
2150 1995
2151 1996
2152 1996
2153 1997
2154 1998
2155 1999
2156 1999
2157 2000
2158 2001
2159 2001
2160 2002
2161 2003
2162 2004
2163 2004
2164 2005
2165 2006
2166 2006
2167 2007
2168 2008
2169 2009
2170 2009
2171 2010
2172 2011
2173 2012
2174 2012
2175 2013
2176 2014
2177 2014
2178 2015
2179 2016
2180 2017
2181 2017
2182 2018
2183 2019
2184 2019
2185 2020
2186 2021
2187 2022
2188 2022
2189 2023
2190 2024
2191 2024
2192 2025
2193 2026
2194 2027
2195 2027
2196 2028
2197 2029
2198 2029
2199 2030
2200 2031
2201 2032
2202 2032
2203 2033
2204 2034
2205 2034
2206 2035
2207 2036
2208 2037
2209 2037
2210 2038
2211 2039
2212 2039
2213 2040
2214 2041
2215 2042
2216 2042
2217 2043
2218 2044
2219 2045
2220 2045
2221 2046
2222 2047
2223 2047
2224 2048
2225 2049
2226 2050
2227 2050
2228 2051
2229 2052
2230 2052
2231 2053
2232 2054
2233 2055
2234 2055
2235 2056
2236 2057
2237 2057
2238 2058
2239 2059
2240 2060
2241 2060
2242 2061
2243 2062
2244 2062
2245 2063
2246 2064
2247 2065
2248 2065
2249 2066
2250 2067
2251 2067
2252 2068
2253 2069
2254 2070
2255 2070
2256 2071
2257 2072
2258 2073
2259 2073
2260 2074
2261 2075
2262 2076
2263 2076
2264 2077
2265 2078
2266 2079
2267 2080
2268 2080
2269 2081
2270 2082
2271 2083
2272 2083
2273 2084
2274 2085
2275 2086
2276 2087
2277 2087
2278 2088
2279 2089
2280 2090
2281 2091
2282 2091
2283 2092
2284 2093
2285 2094
2286 2094
2287 2095
2288 2096
2289 2097
2290 2098
2291 2098
2292 2099
2293 2100
2294 2101
2295 2101
2296 2102
2297 2103
2298 2104
2299 2105
2300 2105
2301 2106
2302 2107
2303 2108
2304 2109
2305 2109
2306 2110
2307 2111
2308 2112
2309 2112
2310 2113
2311 2114
2312 2115
2313 2116
2314 2116
2315 2117
2316 2118
2317 2119
2318 2119
2319 2120
2320 2121
2321 2122
2322 2123
2323 2123
2324 2124
2325 2125
2326 2126
2327 2127
2328 2127
2329 2128
2330 2129
2331 2130
2332 2130
2333 2131
2334 2132
2335 2133
2336 2134
2337 2134
2338 2135
2339 2136
2340 2137
2341 2137
2342 2138
2343 2139
2344 2140
2345 2141
2346 2141
2347 2142
2348 2143
2349 2144
2350 2145
2351 2145
2352 2146
2353 2147
2354 2148
2355 2148
2356 2149
2357 2150
2358 2151
2359 2152
2360 2152
2361 2153
2362 2154
2363 2155
2364 2155
2365 2156
2366 2157
2367 2158
2368 2159
2369 2159
2370 2160
2371 2161
2372 2162
2373 2163
2374 2163
2375 2164
2376 2165
2377 2166
2378 2166
2379 2167
2380 2168
2381 2169
2382 2170
2383 2170
2384 2171
2385 2172
2386 2173
2387 2173
2388 2174
2389 2175
2390 2176
2391 2177
2392 2177
2393 2178
2394 2179
2395 2180
2396 2181
2397 2181
2398 2182
2399 2183
2400 2184
2401 2184
2402 2185
2403 2186
2404 2187
2405 2188
2406 2188
2407 2189
2408 2190
2409 2191
2410 2191
2411 2192
2412 2193
2413 2194
2414 2195
2415 2195
2416 2196
2417 2197
2418 2198
2419 2199
2420 2199
2421 2200
2422 2201
2423 2202
2424 2202
2425 2203
2426 2204
2427 2205
2428 2206
2429 2206
2430 2207
2431 2208
2432 2209
2433 2209
2434 2210
2435 2211
2436 2212
2437 2213
2438 2213
2439 2214
2440 2215
2441 2216
2442 2217
2443 2217
2444 2218
2445 2219
2446 2220
2447 2220
2448 2221
2449 2222
2450 2223
2451 2224
2452 2224
2453 2225
2454 2226
2455 2227
2456 2227
2457 2228
2458 2229
2459 2230
2460 2231
2461 2231
2462 2232
2463 2233
2464 2234
2465 2235
2466 2235
2467 2236
2468 2237
2469 2238
2470 2238
2471 2239
2472 2240
2473 2241
2474 2242
2475 2242
2476 2243
2477 2244
2478 2245
2479 2246
2480 2246
2481 2247
2482 2248
2483 2249
2484 2250
2485 2251
2486 2252
2487 2253
2488 2254
2489 2255
2490 2256
2491 2257
2492 2258
2493 2259
2494 2260
2495 2261
2496 2262
2497 2263
2498 2264
2499 2265
2500 2266
2501 2267
2502 2268
2503 2269
2504 2270
2505 2271
2506 2272
2507 2273
2508 2274
2509 2275
2510 2276
2511 2277
2512 2278
2513 2279
2514 2280
2515 2281
2516 2282
2517 2283
2518 2284
2519 2285
2520 2286
2521 2287
2522 2288
2523 2289
2524 2290
2525 2291
2526 2292
2527 2293
2528 2294
2529 2295
2530 2296
2531 2297
2532 2298
2533 2299
2534 2300
2535 2301
2536 2302
2537 2303
2538 2304
2539 2305
2540 2306
2541 2307
2542 2308
2543 2309
2544 2310
2545 2311
2546 2312
2547 2313
2548 2314
2549 2315
2550 2316
2551 2317
2552 2318
2553 2319
2554 2320
2555 2321
2556 2322
2557 2323
2558 2324
2559 2325
2560 2326
2561 2327
2562 2328
2563 2329
2564 2330
2565 2331
2566 2332
2567 2333
2568 2334
2569 2335
2570 2336
2571 2337
2572 2338
2573 2339
2574 2340
2575 2341
2576 2342
2577 2343
2578 2344
2579 2345
2580 2346
2581 2347
2582 2348
2583 2349
2584 2350
2585 2351
2586 2352
2587 2353
2588 2354
2589 2355
2590 2356
2591 2357
2592 2358
2593 2359
2594 2360
2595 2361
2596 2362
2597 2363
2598 2364
2599 2365
2600 2366
2601 2367
2602 2368
2603 2369
2604 2370
2605 2371
2606 2372
2607 2373
2608 2374
2609 2375
2610 2376
2611 2377
2612 2378
2613 2379
2614 2380
2615 2381
2616 2382
2617 2383
2618 2384
2619 2385
2620 2386
2621 2387
2622 2388
2623 2389
2624 2390
2625 2391
2626 2392
2627 2393
2628 2394
2629 2395
2630 2396
2631 2397
2632 2398
2633 2399
2634 2400
2635 2401
2636 2402
2637 2403
2638 2404
2639 2405
2640 2406
2641 2407
2642 2408
2643 2409
2644 2410
2645 2411
2646 2412
2647 2413
2648 2414
2649 2415
2650 2416
2651 2417
2652 2418
2653 2419
2654 2420
2655 2421
2656 2422
2657 2423
2658 2424
2659 2425
2660 2426
2661 2427
2662 2428
2663 2429
2664 2430
2665 2431
2666 2432
2667 2433
2668 2434
2669 2435
2670 2436
2671 2437
2672 2438
2673 2439
2674 2440
2675 2441
2676 2442
2677 2443
2678 2444
2679 2445
2680 2446
2681 2447
2682 2448
2683 2449
2684 2450
2685 2451
2686 2452
2687 2453
2688 2454
2689 2455
2690 2456
2691 2457
2692 2458
2693 2459
2694 2460
2695 2461
2696 2462
2697 2463
2698 2464
2699 2465
2700 2466
2701 2467
2702 2468
2703 2469
2704 2470
2705 2471
2706 2472
2707 2473
2708 2474
2709 2475
2710 2476
2711 2477
2712 2478
2713 2479
2714 2480
2715 2481
2716 2482
2717 2483
2718 2484
2719 2485
2720 2486
2721 2487
2722 2488
2723 2489
2724 2490
2725 2491
2726 2492
2727 2493
2728 2494
2729 2495
2730 2496
2731 2497
2732 2498
2733 2499
2734 2500
2735 2501
2736 2502
2737 2503
2738 2504
2739 2505
2740 2506
2741 2507
2742 2508
2743 2509
2744 2510
2745 2511
2746 2512
2747 2512
2748 2513
2749 2514
2750 2515
2751 2516
2752 2517
2753 2518
2754 2519
2755 2520
2756 2521
2757 2522
2758 2523
2759 2524
2760 2525
2761 2526
2762 2527
2763 2528
2764 2529
2765 2530
2766 2531
2767 2532
2768 2533
2769 2534
2770 2535
2771 2536
2772 2537
2773 2538
2774 2539
2775 2540
2776 2541
2777 2542
2778 2543
2779 2544
2780 2545
2781 2546
2782 2547
2783 2547
2784 2548
2785 2549
2786 2550
2787 2551
2788 2552
2789 2553
2790 2554
2791 2555
2792 2556
2793 2557
2794 2558
2795 2559
2796 2560
2797 2561
2798 2562
2799 2563
2800 2564
2801 2565
2802 2566
2803 2567
2804 2568
2805 2569
2806 2570
2807 2571
2808 2572
2809 2573
2810 2574
2811 2575
2812 2576
2813 2577
2814 2578
2815 2579
2816 2580
2817 2581
2818 2582
2819 2582
2820 2583
2821 2584
2822 2585
2823 2586
2824 2587
2825 2588
2826 2589
2827 2590
2828 2591
2829 2592
2830 2593
2831 2594
2832 2595
2833 2596
2834 2597
2835 2598
2836 2599
2837 2600
2838 2601
2839 2602
2840 2603
2841 2604
2842 2605
2843 2606
2844 2607
2845 2608
2846 2609
2847 2610
2848 2611
2849 2612
2850 2613
2851 2614
2852 2615
2853 2616
2854 2617
2855 2617
2856 2618
2857 2619
2858 2620
2859 2621
2860 2622
2861 2623
2862 2624
2863 2625
2864 2626
2865 2627
2866 2628
2867 2629
2868 2630
2869 2631
2870 2632
2871 2633
2872 2634
2873 2635
2874 2636
2875 2637
2876 2638
2877 2639
2878 2640
2879 2641
2880 2642
2881 2643
2882 2644
2883 2645
2884 2646
2885 2647
2886 2648
2887 2649
2888 2650
2889 2651
2890 2652
2891 2652
2892 2653
2893 2654
2894 2655
2895 2656
2896 2657
2897 2658
2898 2659
2899 2660
2900 2661
2901 2662
2902 2663
2903 2664
2904 2665
2905 2666
2906 2667
2907 2668
2908 2669
2909 2670
2910 2671
2911 2672
2912 2673
2913 2674
2914 2675
2915 2676
2916 2677
2917 2678
2918 2679
2919 2680
2920 2681
2921 2682
2922 2683
2923 2684
2924 2685
2925 2686
2926 2687
2927 2688
2928 2689
2929 2690
2930 2691
2931 2692
2932 2693
2933 2694
2934 2695
2935 2696
2936 2697
2937 2698
2938 2700
2939 2701
2940 2702
2941 2703
2942 2704
2943 2705
2944 2706
2945 2707
2946 2708
2947 2709
2948 2710
2949 2711
2950 2713
2951 2714
2952 2715
2953 2716
2954 2717
2955 2718
2956 2719
2957 2720
2958 2721
2959 2722
2960 2723
2961 2725
2962 2726
2963 2727
2964 2728
2965 2729
2966 2730
2967 2731
2968 2732
2969 2733
2970 2734
2971 2735
2972 2736
2973 2738
2974 2739
2975 2740
2976 2741
2977 2742
2978 2743
2979 2744
2980 2745
2981 2746
2982 2747
2983 2748
2984 2750
2985 2751
2986 2752
2987 2753
2988 2754
2989 2755
2990 2756
2991 2757
2992 2758
2993 2759
2994 2760
2995 2761
2996 2763
2997 2764
2998 2765
2999 2766
3000 2767
3001 2768
3002 2769
3003 2770
3004 2771
3005 2772
3006 2773
3007 2775
3008 2776
3009 2777
3010 2778
3011 2779
3012 2780
3013 2781
3014 2782
3015 2783
3016 2784
3017 2785
3018 2786
3019 2788
3020 2789
3021 2790
3022 2791
3023 2792
3024 2793
3025 2794
3026 2795
3027 2796
3028 2797
3029 2798
3030 2800
3031 2801
3032 2802
3033 2803
3034 2804
3035 2805
3036 2806
3037 2807
3038 2808
3039 2809
3040 2810
3041 2811
3042 2813
3043 2814
3044 2815
3045 2816
3046 2817
3047 2818
3048 2819
3049 2820
3050 2821
3051 2822
3052 2823
3053 2825
3054 2826
3055 2827
3056 2828
3057 2829
3058 2830
3059 2831
3060 2832
3061 2833
3062 2834
3063 2835
3064 2836
3065 2838
3066 2839
3067 2840
3068 2841
3069 2842
3070 2843
3071 2844
3072 2845
3073 2846
3074 2847
3075 2848
3076 2850
3077 2850
3078 2851
3079 2852
3080 2853
3081 2854
3082 2855
3083 2856
3084 2857
3085 2858
3086 2859
3087 2860
3088 2861
3089 2862
3090 2863
3091 2864
3092 2865
3093 2866
3094 2867
3095 2868
3096 2869
3097 2870
3098 2871
3099 2872
3100 2873
3101 2874
3102 2875
3103 2876
3104 2877
3105 2878
3106 2879
3107 2880
3108 2881
3109 2882
3110 2883
3111 2884
3112 2885
3113 2886
3114 2887
3115 2888
3116 2889
3117 2890
3118 2891
3119 2892
3120 2893
3121 2894
3122 2895
3123 2896
3124 2897
3125 2898
3126 2899
3127 2900
3128 2901
3129 2902
3130 2903
3131 2904
3132 2905
3133 2906
3134 2907
3135 2908
3136 2909
3137 2910
3138 2911
3139 2912
3140 2913
3141 2914
3142 2915
3143 2916
3144 2917
3145 2918
3146 2919
3147 2920
3148 2921
3149 2922
3150 2923
3151 2924
3152 2925
3153 2926
3154 2927
3155 2928
3156 2929
3157 2930
3158 2931
3159 2932
3160 2933
3161 2934
3162 2935
3163 2936
3164 2937
3165 2938
3166 2939
3167 2940
3168 2941
3169 2942
3170 2943
3171 2944
3172 2945
3173 2946
3174 2947
3175 2948
3176 2949
3177 2950
3178 2951
3179 2952
3180 2953
3181 2954
3182 2955
3183 2955
3184 2956
3185 2957
3186 2958
3187 2959
3188 2960
3189 2961
3190 2962
3191 2963
3192 2964
3193 2965
3194 2966
3195 2967
3196 2968
3197 2969
3198 2970
3199 2971
3200 2972
3201 2973
3202 2974
3203 2975
3204 2976
3205 2977
3206 2978
3207 2979
3208 2980
3209 2981
3210 2982
3211 2983
3212 2984
3213 2985
3214 2986
3215 2987
3216 2988
3217 2989
3218 2990
3219 2991
3220 2992
3221 2993
3222 2994
3223 2995
3224 2996
3225 2997
3226 2998
3227 2999
3228 3000
3229 3001
3230 3002
3231 3003
3232 3004
3233 3005
3234 3006
3235 3007
3236 3008
3237 3009
3238 3010
3239 3011
3240 3012
3241 3013
3242 3014
3243 3015
3244 3016
3245 3017
3246 3018
3247 3019
3248 3020
3249 3021
3250 3022
3251 3023
3252 3024
3253 3025
3254 3026
3255 3027
3256 3028
3257 3029
3258 3030
3259 3031
3260 3032
3261 3033
3262 3034
3263 3035
3264 3036
3265 3037
3266 3038
3267 3039
3268 3040
3269 3041
3270 3042
3271 3043
3272 3044
3273 3045
3274 3046
3275 3047
3276 3048
3277 3049
3278 3050
3279 3051
3280 3052
3281 3053
3282 3054
3283 3055
3284 3056
3285 3057
3286 3058
3287 3059
3288 3060
3289 3061
3290 3062
3291 3063
3292 3064
3293 3065
3294 3066
3295 3067
3296 3068
3297 3069
3298 3070
3299 3072
3300 3073
3301 3074
3302 3075
3303 3076
3304 3077
3305 3078
3306 3079
3307 3080
3308 3082
3309 3083
3310 3084
3311 3085
3312 3086
3313 3087
3314 3088
3315 3089
3316 3090
3317 3092
3318 3093
3319 3094
3320 3095
3321 3096
3322 3097
3323 3098
3324 3099
3325 3100
3326 3102
3327 3103
3328 3104
3329 3105
3330 3106
3331 3107
3332 3108
3333 3109
3334 3110
3335 3112
3336 3113
3337 3114
3338 3115
3339 3116
3340 3117
3341 3118
3342 3119
3343 3120
3344 3121
3345 3123
3346 3124
3347 3125
3348 3126
3349 3127
3350 3128
3351 3129
3352 3130
3353 3131
3354 3133
3355 3134
3356 3135
3357 3136
3358 3137
3359 3138
3360 3139
3361 3140
3362 3141
3363 3143
3364 3144
3365 3145
3366 3146
3367 3147
3368 3148
3369 3149
3370 3150
3371 3151
3372 3153
3373 3154
3374 3155
3375 3156
3376 3157
3377 3158
3378 3159
3379 3160
3380 3161
3381 3163
3382 3164
3383 3165
3384 3166
3385 3167
3386 3168
3387 3169
3388 3170
3389 3171
3390 3172
3391 3174
3392 3175
3393 3176
3394 3177
3395 3178
3396 3179
3397 3180
3398 3181
3399 3182
3400 3184
3401 3185
3402 3186
3403 3187
3404 3188
3405 3189
3406 3190
3407 3191
3408 3192
3409 3194
3410 3195
3411 3196
3412 3197
3413 3198
3414 3199
3415 3200
3416 3201
3417 3202
3418 3204
3419 3205
3420 3206
3421 3207
3422 3208
3423 3209
3424 3210
3425 3211
3426 3212
3427 3214
3428 3215
3429 3216
3430 3217
3431 3218
3432 3219
3433 3220
3434 3221
3435 3222
3436 3224
3437 3224
3438 3225
3439 3226
3440 3227
3441 3228
3442 3229
3443 3230
3444 3231
3445 3232
3446 3233
3447 3234
3448 3235
3449 3236
3450 3237
3451 3238
3452 3239
3453 3240
3454 3240
3455 3241
3456 3242
3457 3243
3458 3244
3459 3245
3460 3246
3461 3247
3462 3248
3463 3249
3464 3250
3465 3251
3466 3252
3467 3253
3468 3254
3469 3255
3470 3256
3471 3256
3472 3257
3473 3258
3474 3259
3475 3260
3476 3261
3477 3262
3478 3263
3479 3264
3480 3265
3481 3266
3482 3267
3483 3268
3484 3269
3485 3270
3486 3271
3487 3272
3488 3272
3489 3273
3490 3274
3491 3275
3492 3276
3493 3277
3494 3278
3495 3279
3496 3280
3497 3281
3498 3282
3499 3283
3500 3284
3501 3285
3502 3286
3503 3287
3504 3288
3505 3288
3506 3289
3507 3290
3508 3291
3509 3292
3510 3293
3511 3294
3512 3295
3513 3296
3514 3297
3515 3298
3516 3299
3517 3300
3518 3301
3519 3302
3520 3303
3521 3304
3522 3304
3523 3305
3524 3306
3525 3307
3526 3308
3527 3309
3528 3310
3529 3311
3530 3312
3531 3313
3532 3314
3533 3315
3534 3316
3535 3317
3536 3318
3537 3319
3538 3320
3539 3320
3540 3321
3541 3322
3542 3323
3543 3324
3544 3325
3545 3326
3546 3327
3547 3328
3548 3329
3549 3330
3550 3331
3551 3332
3552 3333
3553 3334
3554 3335
3555 3336
3556 3336
3557 3337
3558 3338
3559 3339
3560 3340
3561 3341
3562 3342
3563 3343
3564 3344
3565 3345
3566 3346
3567 3347
3568 3348
3569 3349
3570 3350
3571 3351
3572 3352
3573 3352
3574 3353
3575 3354
3576 3355
3577 3356
3578 3357
3579 3358
3580 3359
3581 3360
3582 3361
3583 3362
3584 3363
3585 3364
3586 3365
3587 3366
3588 3367
3589 3368
3590 3368
3591 3369
3592 3370
3593 3371
3594 3372
3595 3373
3596 3374
3597 3375
3598 3376
3599 3377
3600 3378
3601 3379
3602 3380
3603 3381
3604 3382
3605 3383
3606 3384
3607 3384
3608 3385
3609 3386
3610 3387
3611 3388
3612 3389
3613 3390
3614 3391
3615 3392
3616 3393
3617 3394
3618 3395
3619 3396
3620 3397
3621 3398
3622 3399
3623 3400
3624 3400
3625 3401
3626 3402
3627 3403
3628 3404
3629 3405
3630 3406
3631 3407
3632 3408
3633 3409
3634 3410
3635 3411
3636 3412
3637 3413
3638 3414
3639 3415
3640 3416
3641 3416
3642 3417
3643 3418
3644 3419
3645 3420
3646 3421
3647 3422
3648 3423
3649 3424
3650 3425
3651 3426
3652 3427
3653 3428
3654 3429
3655 3430
3656 3431
3657 3432
3658 3432
3659 3433
3660 3434
3661 3435
3662 3436
3663 3437
3664 3438
3665 3439
3666 3440
3667 3441
3668 3442
3669 3443
3670 3444
3671 3445
3672 3446
3673 3447
3674 3448
3675 3448
3676 3449
3677 3450
3678 3451
3679 3452
3680 3453
3681 3454
3682 3455
3683 3456
3684 3457
3685 3458
3686 3459
3687 3460
3688 3461
3689 3462
3690 3463
3691 3464
3692 3465
3693 3465
3694 3466
3695 3467
3696 3468
3697 3469
3698 3470
3699 3471
3700 3472
3701 3473
3702 3474
3703 3475
3704 3476
3705 3477
3706 3478
3707 3479
3708 3480
3709 3481
3710 3482
3711 3483
3712 3484
3713 3485
3714 3486
3715 3487
3716 3488
3717 3488
3718 3489
3719 3490
3720 3491
3721 3492
3722 3493
3723 3494
3724 3495
3725 3496
3726 3497
3727 3498
3728 3499
3729 3500
3730 3501
3731 3502
3732 3503
3733 3504
3734 3505
3735 3506
3736 3507
3737 3508
3738 3509
3739 3510
3740 3511
3741 3511
3742 3512
3743 3513
3744 3514
3745 3515
3746 3516
3747 3517
3748 3518
3749 3519
3750 3520
3751 3521
3752 3522
3753 3523
3754 3524
3755 3525
3756 3526
3757 3527
3758 3528
3759 3529
3760 3530
3761 3531
3762 3532
3763 3533
3764 3534
3765 3534
3766 3535
3767 3536
3768 3537
3769 3538
3770 3539
3771 3540
3772 3541
3773 3542
3774 3543
3775 3544
3776 3545
3777 3546
3778 3547
3779 3548
3780 3549
3781 3550
3782 3551
3783 3552
3784 3553
3785 3554
3786 3555
3787 3556
3788 3557
3789 3557
3790 3558
3791 3559
3792 3560
3793 3561
3794 3562
3795 3563
3796 3564
3797 3565
3798 3565
3799 3566
3800 3567
3801 3568
3802 3569
3803 3570
3804 3571
3805 3572
3806 3573
3807 3573
3808 3574
3809 3575
3810 3576
3811 3577
3812 3578
3813 3579
3814 3580
3815 3581
3816 3582
3817 3582
3818 3583
3819 3584
3820 3585
3821 3586
3822 3587
3823 3588
3824 3589
3825 3590
3826 3590
3827 3591
3828 3592
3829 3593
3830 3594
3831 3595
3832 3596
3833 3597
3834 3598
3835 3599
3836 3599
3837 3600
3838 3601
3839 3602
3840 3603
3841 3604
3842 3605
3843 3606
3844 3607
3845 3607
3846 3608
3847 3609
3848 3610
3849 3611
3850 3612
3851 3613
3852 3614
3853 3615
3854 3616
3855 3616
3856 3617
3857 3618
3858 3619
3859 3620
3860 3621
3861 3622
3862 3623
3863 3624
3864 3624
3865 3625
3866 3626
3867 3627
3868 3628
3869 3629
3870 3630
3871 3631
3872 3632
3873 3632
3874 3633
3875 3634
3876 3635
3877 3636
3878 3637
3879 3638
3880 3639
3881 3640
3882 3641
3883 3641
3884 3642
3885 3643
3886 3644
3887 3645
3888 3646
3889 3647
3890 3648
3891 3649
3892 3649
3893 3650
3894 3651
3895 3652
3896 3653
3897 3654
3898 3655
3899 3656
3900 3657
3901 3658
3902 3658
3903 3659
3904 3660
3905 3661
3906 3662
3907 3663
3908 3664
3909 3665
3910 3666
3911 3666
3912 3667
3913 3668
3914 3669
3915 3670
3916 3671
3917 3672
3918 3673
3919 3674
3920 3675
3921 3675
3922 3676
3923 3677
3924 3678
3925 3679
3926 3680
3927 3681
3928 3682
3929 3683
3930 3683
3931 3684
3932 3685
3933 3686
3934 3687
3935 3688
3936 3689
3937 3690
3938 3691
3939 3691
3940 3692
3941 3693
3942 3694
3943 3695
3944 3696
3945 3697
3946 3698
3947 3699
3948 3700
3949 3700
3950 3701
3951 3702
3952 3703
3953 3704
3954 3705
3955 3706
3956 3707
3957 3708
3958 3708
3959 3709
3960 3710
3961 3711
3962 3712
3963 3713
3964 3714
3965 3715
3966 3716
3967 3717
3968 3717
3969 3718
3970 3719
3971 3720
3972 3721
3973 3722
3974 3723
3975 3724
3976 3725
3977 3725
3978 3726
3979 3727
3980 3728
3981 3729
3982 3730
3983 3731
3984 3732
3985 3733
3986 3734
3987 3734
3988 3735
3989 3736
3990 3737
3991 3738
3992 3738
3993 3739
3994 3740
3995 3741
3996 3742
3997 3742
3998 3743
3999 3744
4000 3745
4001 3746
4002 3746
4003 3747
4004 3748
4005 3749
4006 3750
4007 3750
4008 3751
4009 3752
4010 3753
4011 3754
4012 3754
4013 3755
4014 3756
4015 3757
4016 3758
4017 3758
4018 3759
4019 3760
4020 3761
4021 3762
4022 3762
4023 3763
4024 3764
4025 3765
4026 3766
4027 3766
4028 3767
4029 3768
4030 3769
4031 3770
4032 3771
4033 3771
4034 3772
4035 3773
4036 3774
4037 3775
4038 3775
4039 3776
4040 3777
4041 3778
4042 3779
4043 3779
4044 3780
4045 3781
4046 3782
4047 3783
4048 3783
4049 3784
4050 3785
4051 3786
4052 3787
4053 3787
4054 3788
4055 3789
4056 3790
4057 3791
4058 3791
4059 3792
4060 3793
4061 3794
4062 3795
4063 3795
4064 3796
4065 3797
4066 3798
4067 3799
4068 3799
4069 3800
4070 3801
4071 3802
4072 3803
4073 3804
4074 3804
4075 3805
4076 3806
4077 3807
4078 3808
4079 3808
4080 3809
4081 3810
4082 3811
4083 3812
4084 3812
4085 3813
4086 3814
4087 3815
4088 3816
4089 3816
4090 3817
4091 3818
4092 3819
4093 3820
4094 3820
4095 3821
4096 3822
4097 3823
4098 3824
4099 3824
4100 3825
4101 3826
4102 3827
4103 3828
4104 3828
4105 3829
4106 3830
4107 3831
4108 3832
4109 3832
4110 3833
4111 3834
4112 3835
4113 3836
4114 3837
4115 3837
4116 3838
4117 3839
4118 3840
4119 3841
4120 3841
4121 3842
4122 3843
4123 3844
4124 3845
4125 3845
4126 3846
4127 3847
4128 3848
4129 3849
4130 3849
4131 3850
4132 3851
4133 3852
4134 3853
4135 3853
4136 3854
4137 3855
4138 3856
4139 3857
4140 3857
4141 3858
4142 3859
4143 3860
4144 3861
4145 3861
4146 3862
4147 3863
4148 3864
4149 3865
4150 3865
4151 3866
4152 3867
4153 3868
4154 3869
4155 3870
4156 3870
4157 3871
4158 3872
4159 3873
4160 3874
4161 3874
4162 3875
4163 3876
4164 3877
4165 3878
4166 3878
4167 3879
4168 3880
4169 3881
4170 3882
4171 3882
4172 3883
4173 3884
4174 3885
4175 3886
4176 3886
4177 3887
4178 3888
4179 3889
4180 3890
4181 3890
4182 3891
4183 3892
4184 3893
4185 3894
4186 3894
4187 3895
4188 3896
4189 3897
4190 3898
4191 3898
4192 3899
4193 3900
4194 3901
4195 3902
4196 3903
4197 3903
4198 3904
4199 3905
4200 3906
4201 3907
4202 3908
4203 3909
4204 3910
4205 3910
4206 3911
4207 3912
4208 3913
4209 3914
4210 3915
4211 3916
4212 3917
4213 3917
4214 3918
4215 3919
4216 3920
4217 3921
4218 3922
4219 3923
4220 3924
4221 3924
4222 3925
4223 3926
4224 3927
4225 3928
4226 3929
4227 3930
4228 3931
4229 3931
4230 3932
4231 3933
4232 3934
4233 3935
4234 3936
4235 3937
4236 3938
4237 3938
4238 3939
4239 3940
4240 3941
4241 3942
4242 3943
4243 3944
4244 3945
4245 3945
4246 3946
4247 3947
4248 3948
4249 3949
4250 3950
4251 3951
4252 3952
4253 3952
4254 3953
4255 3954
4256 3955
4257 3956
4258 3957
4259 3958
4260 3959
4261 3959
4262 3960
4263 3961
4264 3962
4265 3963
4266 3964
4267 3965
4268 3966
4269 3966
4270 3967
4271 3968
4272 3969
4273 3970
4274 3971
4275 3972
4276 3973
4277 3973
4278 3974
4279 3975
4280 3976
4281 3977
4282 3978
4283 3979
4284 3980
4285 3981
4286 3981
4287 3982
4288 3983
4289 3984
4290 3985
4291 3986
4292 3987
4293 3988
4294 3988
4295 3989
4296 3990
4297 3991
4298 3992
4299 3993
4300 3994
4301 3995
4302 3995
4303 3996
4304 3997
4305 3998
4306 3999
4307 4000
4308 4001
4309 4002
4310 4002
4311 4003
4312 4004
4313 4005
4314 4006
4315 4007
4316 4008
4317 4009
4318 4009
4319 4010
4320 4011
4321 4012
4322 4013
4323 4014
4324 4015
4325 4016
4326 4016
4327 4017
4328 4018
4329 4019
4330 4020
4331 4021
4332 4022
4333 4023
4334 4023
4335 4024
4336 4025
4337 4026
4338 4027
4339 4028
4340 4029
4341 4030
4342 4030
4343 4031
4344 4032
4345 4033
4346 4034
4347 4035
4348 4036
4349 4037
4350 4037
4351 4038
4352 4039
4353 4040
4354 4041
4355 4042
4356 4043
4357 4044
4358 4044
4359 4045
4360 4046
4361 4047
4362 4048
4363 4049
4364 4050
4365 4051
4366 4052
4367 4053
4368 4054
4369 4055
4370 4056
4371 4057
4372 4058
4373 4059
4374 4060
4375 4061
4376 4062
4377 4063
4378 4065
4379 4066
4380 4067
4381 4068
4382 4069
4383 4070
4384 4071
4385 4072
4386 4073
4387 4074
4388 4075
4389 4076
4390 4078
4391 4079
4392 4080
4393 4081
4394 4082
4395 4083
4396 4084
4397 4085
4398 4086
4399 4087
4400 4088
4401 4090
4402 4091
4403 4092
4404 4093
4405 4094
4406 4095
4407 4096
4408 4097
4409 4098
4410 4099
4411 4100
4412 4101
4413 4103
4414 4104
4415 4105
4416 4106
4417 4107
4418 4108
4419 4109
4420 4110
4421 4111
4422 4112
4423 4113
4424 4115
4425 4116
4426 4117
4427 4118
4428 4119
4429 4120
4430 4121
4431 4122
4432 4123
4433 4124
4434 4125
4435 4126
4436 4128
4437 4129
4438 4130
4439 4131
4440 4132
4441 4133
4442 4134
4443 4135
4444 4136
4445 4137
4446 4138
4447 4139
4448 4141
4449 4142
4450 4143
4451 4144
4452 4145
4453 4146
4454 4147
4455 4148
4456 4149
4457 4150
4458 4151
4459 4153
4460 4154
4461 4155
4462 4156
4463 4157
4464 4158
4465 4159
4466 4160
4467 4161
4468 4162
4469 4163
4470 4164
4471 4166
4472 4167
4473 4168
4474 4169
4475 4170
4476 4171
4477 4172
4478 4173
4479 4174
4480 4175
4481 4176
4482 4178
4483 4179
4484 4180
4485 4181
4486 4182
4487 4183
4488 4184
4489 4185
4490 4186
4491 4187
4492 4188
4493 4189
4494 4191
4495 4192
4496 4193
4497 4194
4498 4195
4499 4196
4500 4197
4501 4198
4502 4199
4503 4200
4504 4201
4505 4202
4506 4204
4507 4205
4508 4206
4509 4207
4510 4208
4511 4209
4512 4210
4513 4211
4514 4212
4515 4213
4516 4214
4517 4216
4518 4217
4519 4218
4520 4219
4521 4220
4522 4221
4523 4222
4524 4223
4525 4224
4526 4225
4527 4226
4528 4227
4529 4229
4530 4230
4531 4231
4532 4232
4533 4233
4534 4234
4535 4235
4536 4236
4537 4237
4538 4238
4539 4239
4540 4241
4541 4241
4542 4242
4543 4243
4544 4244
4545 4245
4546 4245
4547 4246
4548 4247
4549 4248
4550 4249
4551 4250
4552 4250
4553 4251
4554 4252
4555 4253
4556 4254
4557 4255
4558 4255
4559 4256
4560 4257
4561 4258
4562 4259
4563 4260
4564 4260
4565 4261
4566 4262
4567 4263
4568 4264
4569 4265
4570 4265
4571 4266
4572 4267
4573 4268
4574 4269
4575 4269
4576 4270
4577 4271
4578 4272
4579 4273
4580 4274
4581 4274
4582 4275
4583 4276
4584 4277
4585 4278
4586 4279
4587 4279
4588 4280
4589 4281
4590 4282
4591 4283
4592 4284
4593 4284
4594 4285
4595 4286
4596 4287
4597 4288
4598 4289
4599 4289
4600 4290
4601 4291
4602 4292
4603 4293
4604 4293
4605 4294
4606 4295
4607 4296
4608 4297
4609 4298
4610 4298
4611 4299
4612 4300
4613 4301
4614 4302
4615 4303
4616 4303
4617 4304
4618 4305
4619 4306
4620 4307
4621 4308
4622 4308
4623 4309
4624 4310
4625 4311
4626 4312
4627 4313
4628 4313
4629 4314
4630 4315
4631 4316
4632 4317
4633 4318
4634 4319
4635 4320
4636 4321
4637 4322
4638 4323
4639 4323
4640 4324
4641 4325
4642 4326
4643 4327
4644 4328
4645 4329
4646 4330
4647 4331
4648 4332
4649 4333
4650 4333
4651 4334
4652 4335
4653 4336
4654 4337
4655 4338
4656 4339
4657 4340
4658 4341
4659 4342
4660 4343
4661 4344
4662 4344
4663 4345
4664 4346
4665 4347
4666 4348
4667 4349
4668 4350
4669 4351
4670 4352
4671 4353
4672 4354
4673 4354
4674 4355
4675 4356
4676 4357
4677 4358
4678 4359
4679 4360
4680 4361
4681 4362
4682 4363
4683 4364
4684 4365
4685 4365
4686 4366
4687 4367
4688 4368
4689 4369
4690 4370
4691 4371
4692 4372
4693 4373
4694 4374
4695 4375
4696 4375
4697 4376
4698 4377
4699 4378
4700 4379
4701 4380
4702 4381
4703 4382
4704 4383
4705 4384
4706 4385
4707 4385
4708 4386
4709 4387
4710 4388
4711 4389
4712 4390
4713 4391
4714 4392
4715 4393
4716 4394
4717 4395
4718 4396
4719 4396
4720 4397
4721 4398
4722 4399
4723 4400
4724 4401
4725 4402
4726 4403
4727 4404
4728 4405
4729 4406
4730 4406
4731 4407
4732 4408
4733 4409
4734 4410
4735 4411
4736 4412
4737 4413
4738 4414
4739 4415
4740 4416
4741 4417
4742 4417
4743 4418
4744 4419
4745 4420
4746 4421
4747 4422
4748 4423
4749 4423
4750 4424
4751 4425
4752 4426
4753 4427
4754 4428
4755 4429
4756 4430
4757 4430
4758 4431
4759 4432
4760 4433
4761 4434
4762 4435
4763 4436
4764 4436
4765 4437
4766 4438
4767 4439
4768 4440
4769 4441
4770 4442
4771 4443
4772 4443
4773 4444
4774 4445
4775 4446
4776 4447
4777 4448
4778 4449
4779 4449
4780 4450
4781 4451
4782 4452
4783 4453
4784 4454
4785 4455
4786 4456
4787 4456
4788 4457
4789 4458
4790 4459
4791 4460
4792 4461
4793 4462
4794 4463
4795 4463
4796 4464
4797 4465
4798 4466
4799 4467
4800 4468
4801 4469
4802 4469
4803 4470
4804 4471
4805 4472
4806 4473
4807 4474
4808 4475
4809 4476
4810 4476
4811 4477
4812 4478
4813 4479
4814 4480
4815 4481
4816 4482
4817 4482
4818 4483
4819 4484
4820 4485
4821 4486
4822 4487
4823 4488
4824 4489
4825 4489
4826 4490
4827 4491
4828 4492
4829 4493
4830 4494
4831 4495
4832 4496
4833 4496
4834 4497
4835 4498
4836 4499
4837 4500
4838 4501
4839 4502
4840 4502
4841 4503
4842 4504
4843 4505
4844 4506
4845 4507
4846 4508
4847 4509
4848 4509
4849 4510
4850 4511
4851 4512
4852 4513
4853 4514
4854 4515
4855 4515
4856 4516
4857 4517
4858 4518
4859 4519
4860 4520
4861 4521
4862 4522
4863 4522
4864 4523
4865 4524
4866 4525
4867 4526
4868 4527
4869 4528
4870 4529
4871 4529
4872 4530
4873 4531
4874 4532
4875 4533
4876 4534
4877 4535
4878 4536
4879 4537
4880 4538
4881 4539
4882 4540
4883 4541
4884 4542
4885 4543
4886 4544
4887 4545
4888 4546
4889 4547
4890 4548
4891 4549
4892 4550
4893 4551
4894 4552
4895 4553
4896 4554
4897 4555
4898 4556
4899 4557
4900 4558
4901 4559
4902 4560
4903 4561
4904 4562
4905 4563
4906 4564
4907 4565
4908 4566
4909 4567
4910 4568
4911 4569
4912 4570
4913 4571
4914 4572
4915 4573
4916 4574
4917 4575
4918 4576
4919 4577
4920 4578
4921 4579
4922 4580
4923 4581
4924 4582
4925 4583
4926 4584
4927 4584
4928 4585
4929 4586
4930 4587
4931 4588
4932 4589
4933 4590
4934 4591
4935 4592
4936 4593
4937 4594
4938 4595
4939 4596
4940 4597
4941 4598
4942 4599
4943 4600
4944 4601
4945 4602
4946 4603
4947 4604
4948 4605
4949 4606
4950 4607
4951 4608
4952 4609
4953 4610
4954 4611
4955 4612
4956 4613
4957 4614
4958 4615
4959 4616
4960 4617
4961 4618
4962 4619
4963 4620
4964 4621
4965 4622
4966 4623
4967 4624
4968 4625
4969 4626
4970 4627
4971 4628
4972 4629
4973 4630
4974 4631
4975 4632
4976 4633
4977 4634
4978 4635
4979 4636
4980 4637
4981 4638
4982 4639
4983 4640
4984 4640
4985 4641
4986 4642
4987 4643
4988 4644
4989 4645
4990 4646
4991 4647
4992 4648
4993 4649
4994 4650
4995 4651
4996 4652
4997 4653
4998 4654
4999 4655
5000 4656
5001 4657
5002 4658
5003 4659
5004 4660
5005 4661
5006 4662
5007 4663
5008 4664
5009 4665
5010 4666
5011 4667
5012 4668
5013 4669
5014 4670
5015 4671
5016 4672
5017 4673
5018 4674
5019 4675
5020 4676
5021 4677
5022 4678
5023 4679
5024 4680
5025 4681
5026 4682
5027 4683
5028 4684
5029 4685
5030 4686
5031 4687
5032 4688
5033 4689
5034 4690
5035 4691
5036 4692
5037 4693
5038 4694
5039 4695
5040 4696
5041 4697
5042 4698
5043 4699
5044 4700
5045 4701
5046 4702
5047 4703
5048 4704
5049 4705
5050 4706
5051 4707
5052 4708
5053 4709
5054 4710
5055 4711
5056 4712
5057 4713
5058 4714
5059 4715
5060 4716
5061 4717
5062 4718
5063 4719
5064 4720
5065 4721
5066 4722
5067 4723
5068 4724
5069 4725
5070 4726
5071 4727
5072 4728
5073 4729
5074 4730
5075 4731
5076 4732
5077 4733
5078 4734
5079 4735
5080 4736
5081 4737
5082 4738
5083 4739
5084 4740
5085 4741
5086 4742
5087 4743
5088 4744
5089 4745
5090 4746
5091 4747
5092 4748
5093 4749
5094 4750
5095 4751
5096 4752
5097 4753
5098 4754
5099 4755
5100 4756
5101 4757
5102 4759
5103 4760
5104 4761
5105 4762
5106 4763
5107 4764
5108 4765
5109 4766
5110 4767
5111 4768
5112 4769
5113 4770
5114 4771
5115 4772
5116 4773
5117 4774
5118 4775
5119 4776
5120 4777
5121 4778
5122 4779
5123 4780
5124 4781
5125 4782
5126 4783
5127 4784
5128 4785
5129 4786
5130 4787
5131 4788
5132 4789
5133 4790
5134 4791
5135 4792
5136 4793
5137 4794
5138 4795
5139 4796
5140 4797
5141 4798
5142 4799
5143 4800
5144 4801
5145 4802
5146 4803
5147 4804
5148 4805
5149 4806
5150 4807
5151 4808
5152 4809
5153 4810
5154 4811
5155 4812
5156 4813
5157 4814
5158 4815
5159 4816
5160 4817
5161 4818
5162 4819
5163 4820
5164 4822
5165 4823
5166 4824
5167 4825
5168 4826
5169 4827
5170 4828
5171 4829
5172 4830
5173 4831
5174 4832
5175 4833
5176 4834
5177 4835
5178 4836
5179 4837
5180 4838
5181 4839
5182 4840
5183 4841
5184 4842
5185 4843
5186 4844
5187 4845
5188 4846
5189 4847
5190 4848
5191 4849
5192 4850
5193 4851
5194 4852
5195 4853
5196 4854
5197 4855
5198 4856
5199 4857
5200 4858
5201 4859
5202 4860
5203 4861
5204 4862
5205 4863
5206 4864
5207 4865
5208 4866
5209 4867
5210 4868
5211 4869
5212 4870
5213 4871
5214 4872
5215 4873
5216 4874
5217 4875
5218 4876
5219 4877
5220 4878
5221 4879
5222 4880
5223 4881
5224 4882
5225 4884
5226 4884
5227 4885
5228 4886
5229 4886
5230 4887
5231 4888
5232 4889
5233 4889
5234 4890
5235 4891
5236 4892
5237 4892
5238 4893
5239 4894
5240 4895
5241 4895
5242 4896
5243 4897
5244 4898
5245 4898
5246 4899
5247 4900
5248 4901
5249 4901
5250 4902
5251 4903
5252 4904
5253 4904
5254 4905
5255 4906
5256 4907
5257 4907
5258 4908
5259 4909
5260 4909
5261 4910
5262 4911
5263 4912
5264 4912
5265 4913
5266 4914
5267 4915
5268 4915
5269 4916
5270 4917
5271 4918
5272 4918
5273 4919
5274 4920
5275 4921
5276 4921
5277 4922
5278 4923
5279 4924
5280 4924
5281 4925
5282 4926
5283 4927
5284 4927
5285 4928
5286 4929
5287 4930
5288 4930
5289 4931
5290 4932
5291 4932
5292 4933
5293 4934
5294 4935
5295 4935
5296 4936
5297 4937
5298 4938
5299 4938
5300 4939
5301 4940
5302 4941
5303 4941
5304 4942
5305 4943
5306 4944
5307 4944
5308 4945
5309 4946
5310 4947
5311 4947
5312 4948
5313 4949
5314 4950
5315 4950
5316 4951
5317 4952
5318 4953
5319 4953
5320 4954
5321 4955
5322 4955
5323 4956
5324 4957
5325 4958
5326 4958
5327 4959
5328 4960
5329 4961
5330 4961
5331 4962
5332 4963
5333 4964
5334 4964
5335 4965
5336 4966
5337 4967
5338 4967
5339 4968
5340 4969
5341 4970
5342 4970
5343 4971
5344 4972
5345 4973
5346 4973
5347 4974
5348 4975
5349 4976
5350 4976
5351 4977
5352 4978
5353 4979
5354 4980
5355 4981
5356 4982
5357 4983
5358 4984
5359 4985
5360 4986
5361 4987
5362 4988
5363 4989
5364 4990
5365 4991
5366 4992
5367 4993
5368 4993
5369 4994
5370 4995
5371 4996
5372 4997
5373 4998
5374 4999
5375 5000
5376 5001
5377 5002
5378 5003
5379 5004
5380 5005
5381 5006
5382 5007
5383 5008
5384 5009
5385 5010
5386 5010
5387 5011
5388 5012
5389 5013
5390 5014
5391 5015
5392 5016
5393 5017
5394 5018
5395 5019
5396 5020
5397 5021
5398 5022
5399 5023
5400 5024
5401 5025
5402 5026
5403 5027
5404 5028
5405 5028
5406 5029
5407 5030
5408 5031
5409 5032
5410 5033
5411 5034
5412 5035
5413 5036
5414 5037
5415 5038
5416 5039
5417 5040
5418 5041
5419 5042
5420 5043
5421 5044
5422 5045
5423 5045
5424 5046
5425 5047
5426 5048
5427 5049
5428 5050
5429 5051
5430 5052
5431 5053
5432 5054
5433 5055
5434 5056
5435 5057
5436 5058
5437 5059
5438 5060
5439 5061
5440 5062
5441 5062
5442 5063
5443 5064
5444 5065
5445 5066
5446 5067
5447 5068
5448 5069
5449 5070
5450 5071
5451 5072
5452 5073
5453 5074
5454 5075
5455 5076
5456 5077
5457 5078
5458 5079
5459 5080
5460 5080
5461 5081
5462 5082
5463 5083
5464 5084
5465 5085
5466 5086
5467 5087
5468 5088
5469 5089
5470 5090
5471 5091
5472 5092
5473 5093
5474 5094
5475 5095
5476 5096
5477 5097
5478 5097
5479 5098
5480 5099
5481 5100
5482 5101
5483 5102
5484 5103
5485 5104
5486 5105
5487 5106
5488 5107
5489 5108
5490 5109
5491 5110
5492 5111
5493 5112
5494 5113
5495 5114
5496 5114
5497 5115
5498 5116
5499 5117
5500 5118
5501 5119
5502 5120
5503 5121
5504 5122
5505 5123
5506 5124
5507 5125
5508 5126
5509 5127
5510 5128
5511 5129
5512 5130
5513 5131
5514 5132
5515 5133
5516 5134
5517 5135
5518 5136
5519 5137
5520 5138
5521 5139
5522 5140
5523 5141
5524 5142
5525 5143
5526 5144
5527 5145
5528 5146
5529 5148
5530 5149
5531 5150
5532 5151
5533 5152
5534 5153
5535 5154
5536 5155
5537 5156
5538 5157
5539 5158
5540 5159
5541 5160
5542 5161
5543 5162
5544 5164
5545 5165
5546 5166
5547 5167
5548 5168
5549 5169
5550 5170
5551 5171
5552 5172
5553 5173
5554 5174
5555 5175
5556 5176
5557 5177
5558 5178
5559 5180
5560 5181
5561 5182
5562 5183
5563 5184
5564 5185
5565 5186
5566 5187
5567 5188
5568 5189
5569 5190
5570 5191
5571 5192
5572 5193
5573 5194
5574 5196
5575 5197
5576 5198
5577 5199
5578 5200
5579 5201
5580 5202
5581 5203
5582 5204
5583 5205
5584 5206
5585 5207
5586 5208
5587 5209
5588 5210
5589 5212
5590 5213
5591 5214
5592 5215
5593 5216
5594 5217
5595 5218
5596 5219
5597 5220
5598 5221
5599 5222
5600 5223
5601 5224
5602 5225
5603 5226
5604 5228
5605 5229
5606 5230
5607 5231
5608 5232
5609 5233
5610 5234
5611 5235
5612 5236
5613 5237
5614 5238
5615 5239
5616 5240
5617 5241
5618 5242
5619 5244
5620 5245
5621 5246
5622 5247
5623 5248
5624 5249
5625 5250
5626 5251
5627 5252
5628 5253
5629 5254
5630 5255
5631 5256
5632 5257
5633 5259
5634 5259
5635 5260
5636 5261
5637 5262
5638 5263
5639 5264
5640 5265
5641 5266
5642 5267
5643 5268
5644 5269
5645 5270
5646 5271
5647 5271
5648 5272
5649 5273
5650 5274
5651 5275
5652 5276
5653 5277
5654 5278
5655 5279
5656 5280
5657 5281
5658 5282
5659 5283
5660 5284
5661 5284
5662 5285
5663 5286
5664 5287
5665 5288
5666 5289
5667 5290
5668 5291
5669 5292
5670 5293
5671 5294
5672 5295
5673 5296
5674 5296
5675 5297
5676 5298
5677 5299
5678 5300
5679 5301
5680 5302
5681 5303
5682 5304
5683 5305
5684 5306
5685 5307
5686 5308
5687 5309
5688 5309
5689 5310
5690 5311
5691 5312
5692 5313
5693 5314
5694 5315
5695 5316
5696 5317
5697 5318
5698 5319
5699 5320
5700 5321
5701 5321
5702 5322
5703 5323
5704 5324
5705 5325
5706 5326
5707 5327
5708 5328
5709 5329
5710 5330
5711 5331
5712 5332
5713 5333
5714 5334
5715 5334
5716 5335
5717 5336
5718 5337
5719 5338
5720 5339
5721 5340
5722 5341
5723 5342
5724 5343
5725 5344
5726 5345
5727 5346
5728 5346
5729 5347
5730 5348
5731 5349
5732 5350
5733 5351
5734 5352
5735 5353
5736 5354
5737 5355
5738 5356
5739 5357
5740 5358
5741 5359
5742 5359
5743 5360
5744 5361
5745 5362
5746 5363
5747 5364
5748 5365
5749 5366
5750 5367
5751 5368
5752 5369
5753 5370
5754 5371
5755 5371
5756 5372
5757 5373
5758 5374
5759 5375
5760 5376
5761 5377
5762 5378
5763 5379
5764 5380
5765 5381
5766 5382
5767 5383
5768 5384
5769 5384
5770 5385
5771 5386
5772 5387
5773 5388
5774 5389
5775 5390
5776 5391
5777 5392
5778 5393
5779 5394
5780 5395
5781 5396
5782 5396
5783 5397
5784 5398
5785 5399
5786 5400
5787 5401
5788 5402
5789 5403
5790 5404
5791 5405
5792 5406
5793 5407
5794 5408
5795 5409
5796 5409
5797 5410
5798 5411
5799 5412
5800 5413
5801 5414
5802 5415
5803 5416
5804 5417
5805 5418
5806 5419
5807 5420
5808 5421
5809 5421
5810 5422
5811 5423
5812 5424
5813 5425
5814 5426
5815 5427
5816 5428
5817 5429
5818 5430
5819 5431
5820 5432
5821 5433
5822 5434
5823 5434
5824 5435
5825 5436
5826 5437
5827 5438
5828 5439
5829 5440
5830 5441
5831 5442
5832 5443
5833 5444
5834 5445
5835 5446
5836 5447
5837 5447
5838 5448
5839 5449
5840 5450
5841 5451
5842 5452
5843 5453
5844 5454
5845 5455
5846 5456
5847 5457
5848 5458
5849 5459
5850 5460
5851 5460
5852 5461
5853 5462
5854 5463
5855 5464
5856 5465
5857 5466
5858 5467
5859 5468
5860 5469
5861 5470
5862 5471
5863 5472
5864 5473
5865 5473
5866 5474
5867 5475
5868 5476
5869 5477
5870 5478
5871 5479
5872 5480
5873 5481
5874 5482
5875 5483
5876 5484
5877 5485
5878 5486
5879 5486
5880 5487
5881 5488
5882 5489
5883 5490
5884 5491
5885 5492
5886 5493
5887 5494
5888 5495
5889 5496
5890 5497
5891 5498
5892 5499
5893 5499
5894 5500
5895 5501
5896 5502
5897 5503
5898 5504
5899 5505
5900 5506
5901 5507
5902 5508
5903 5509
5904 5510
5905 5511
5906 5512
5907 5513
5908 5513
5909 5514
5910 5515
5911 5516
5912 5517
5913 5518
5914 5519
5915 5520
5916 5521
5917 5522
5918 5523
5919 5524
5920 5525
5921 5526
5922 5526
5923 5527
5924 5528
5925 5529
5926 5530
5927 5531
5928 5532
5929 5533
5930 5534
5931 5535
5932 5536
5933 5537
5934 5538
5935 5539
5936 5539
5937 5540
5938 5541
5939 5542
5940 5543
5941 5544
5942 5545
5943 5546
5944 5547
5945 5548
5946 5549
5947 5550
5948 5551
5949 5552
5950 5552
5951 5553
5952 5554
5953 5555
5954 5556
5955 5557
5956 5558
5957 5559
5958 5560
5959 5561
5960 5562
5961 5563
5962 5564
5963 5565
5964 5565
5965 5566
5966 5567
5967 5568
5968 5569
5969 5570
5970 5571
5971 5572
5972 5573
5973 5574
5974 5575
5975 5576
5976 5577
5977 5578
5978 5579
5979 5579
5980 5580
5981 5581
5982 5582
5983 5582
5984 5583
5985 5584
5986 5585
5987 5586
5988 5586
5989 5587
5990 5588
5991 5589
5992 5590
5993 5590
5994 5591
5995 5592
5996 5593
5997 5593
5998 5594
5999 5595
6000 5596
6001 5597
6002 5597
6003 5598
6004 5599
6005 5600
6006 5601
6007 5601
6008 5602
6009 5603
6010 5604
6011 5604
6012 5605
6013 5606
6014 5607
6015 5608
6016 5608
6017 5609
6018 5610
6019 5611
6020 5612
6021 5612
6022 5613
6023 5614
6024 5615
6025 5616
6026 5616
6027 5617
6028 5618
6029 5619
6030 5619
6031 5620
6032 5621
6033 5622
6034 5623
6035 5623
6036 5624
6037 5625
6038 5626
6039 5627
6040 5627
6041 5628
6042 5629
6043 5630
6044 5630
6045 5631
6046 5632
6047 5633
6048 5634
6049 5634
6050 5635
6051 5636
6052 5637
6053 5638
6054 5638
6055 5639
6056 5640
6057 5641
6058 5641
6059 5642
6060 5643
6061 5644
6062 5645
6063 5645
6064 5646
6065 5647
6066 5648
6067 5649
6068 5649
6069 5650
6070 5651
6071 5652
6072 5653
6073 5653
6074 5654
6075 5655
6076 5656
6077 5656
6078 5657
6079 5658
6080 5659
6081 5660
6082 5660
6083 5661
6084 5662
6085 5663
6086 5664
6087 5664
6088 5665
6089 5666
6090 5667
6091 5667
6092 5668
6093 5669
6094 5670
6095 5671
6096 5671
6097 5672
6098 5673
6099 5674
6100 5675
6101 5675
6102 5676
6103 5677
6104 5678
6105 5679
6106 5679
6107 5680
6108 5680
6109 5681
6110 5682
6111 5682
6112 5683
6113 5684
6114 5684
6115 5685
6116 5685
6117 5686
6118 5687
6119 5687
6120 5688
6121 5689
6122 5689
6123 5690
6124 5690
6125 5691
6126 5692
6127 5692
6128 5693
6129 5694
6130 5694
6131 5695
6132 5696
6133 5696
6134 5697
6135 5697
6136 5698
6137 5699
6138 5699
6139 5700
6140 5701
6141 5701
6142 5702
6143 5702
6144 5703
6145 5704
6146 5704
6147 5705
6148 5706
6149 5706
6150 5707
6151 5708
6152 5708
6153 5709
6154 5709
6155 5710
6156 5711
6157 5711
6158 5712
6159 5713
6160 5713
6161 5714
6162 5714
6163 5715
6164 5716
6165 5716
6166 5717
6167 5718
6168 5718
6169 5719
6170 5720
6171 5720
6172 5721
6173 5721
6174 5722
6175 5723
6176 5723
6177 5724
6178 5725
6179 5725
6180 5726
6181 5726
6182 5727
6183 5728
6184 5728
6185 5729
6186 5730
6187 5730
6188 5731
6189 5731
6190 5732
6191 5733
6192 5733
6193 5734
6194 5735
6195 5735
6196 5736
6197 5737
6198 5737
6199 5738
6200 5738
6201 5739
6202 5740
6203 5740
6204 5741
6205 5742
6206 5742
6207 5743
6208 5743
6209 5744
6210 5745
6211 5745
6212 5746
6213 5747
6214 5747
6215 5748
6216 5749
6217 5749
6218 5750
6219 5750
6220 5751
6221 5752
6222 5752
6223 5753
6224 5754
6225 5754
6226 5755
6227 5755
6228 5756
6229 5757
6230 5757
6231 5758
6232 5759
6233 5759
6234 5760
6235 5761
6236 5765
6237 5769
6238 5773
6239 5777
6240 5781
6241 5785
6242 5789
6243 5793
6244 5797
6245 5801
6246 5805
6247 5809
6248 5813
6249 5817
6250 5821
6251 5825
6252 5829
6253 5833
6254 5837
6255 5841
6256 5845
6257 5849
6258 5853
6259 5857
6260 5861
6261 5865
6262 5869
6263 5873
6264 5877
6265 5881
6266 5885
6267 5889
6268 5893
6269 5897
6270 5901
6271 5905
6272 5909
6273 5913
6274 5917
6275 5921
6276 5925
6277 5929
6278 5933
6279 5937
6280 5941
6281 5945
6282 5949
6283 5953
6284 5957
6285 5961
6286 5965
6287 5969
6288 5973
6289 5977
6290 5981
6291 5985
6292 5989
6293 5993
6294 5997
6295 6001
6296 6005
6297 6009
6298 6013
6299 6017
6300 6021
6301 6025
6302 6029
6303 6033
6304 6037
6305 6041
6306 6045
6307 6049
6308 6053
6309 6057
6310 6061
6311 6065
6312 6069
6313 6073
6314 6077
6315 6081
6316 6086
6317 6090
6318 6094
6319 6098
6320 6102
6321 6106
6322 6110
6323 6114
6324 6118
6325 6122
6326 6126
6327 6130
6328 6134
6329 6138
6330 6142
6331 6146
6332 6150
6333 6154
6334 6158
6335 6162
6336 6166
6337 6170
6338 6174
6339 6178
6340 6182
6341 6186
6342 6190
6343 6194
6344 6198
6345 6202
6346 6206
6347 6210
6348 6214
6349 6218
6350 6222
6351 6226
6352 6230
6353 6234
6354 6238
6355 6242
6356 6246
6357 6250
6358 6254
6359 6258
6360 6262
6361 6266
6362 6270
6363 6274
6364 6278
6365 6282
6366 6286
6367 6290
6368 6294
6369 6298
6370 6302
6371 6306
6372 6310
6373 6314
6374 6318
6375 6322
6376 6326
6377 6330
6378 6334
6379 6338
6380 6342
6381 6346
6382 6350
6383 6354
6384 6358
6385 6362
6386 6366
6387 6370
6388 6374
6389 6378
6390 6382
6391 6386
6392 6390
6393 6394
6394 6398
6395 6402
