0 36
1 37
2 38
3 39
4 41
5 42
6 43
7 45
8 46
9 47
10 49
11 50
12 51
13 53
14 54
15 55
16 57
17 58
18 59
19 60
20 62
21 63
22 64
23 66
24 67
25 68
26 70
27 71
28 72
29 74
30 75
31 76
32 78
33 79
34 80
35 81
36 83
37 84
38 85
39 87
40 88
41 89
42 91
43 92
44 93
45 95
46 96
47 97
48 99
49 100
50 101
51 102
52 104
53 105
54 106
55 108
56 109
57 110
58 112
59 113
60 114
61 116
62 117
63 118
64 120
65 121
66 122
67 124
68 125
69 126
70 127
71 128
72 129
73 130
74 131
75 132
76 133
77 135
78 136
79 137
80 138
81 139
82 140
83 141
84 142
85 143
86 145
87 146
88 147
89 148
90 149
91 150
92 151
93 152
94 153
95 154
96 156
97 157
98 158
99 159
100 160
101 161
102 162
103 163
104 164
105 166
106 167
107 168
108 169
109 170
110 171
111 172
112 173
113 174
114 175
115 177
116 178
117 179
118 180
119 181
120 182
121 183
122 184
123 185
124 187
125 188
126 189
127 190
128 191
129 192
130 193
131 194
132 195
133 196
134 198
135 199
136 200
137 201
138 202
139 203
140 204
141 205
142 206
143 208
144 209
145 210
146 211
147 212
148 213
149 214
150 215
151 216
152 217
153 219
154 220
155 221
156 222
157 223
158 224
159 225
160 226
161 227
162 229
163 230
164 231
165 232
166 233
167 234
168 235
169 236
170 237
171 238
172 240
173 241
174 242
175 243
176 244
177 245
178 246
179 247
180 248
181 250
182 251
183 252
184 253
185 254
186 255
187 256
188 257
189 258
190 259
191 261
192 262
193 263
194 264
195 265
196 266
197 267
198 268
199 269
200 271
201 272
202 273
203 274
204 275
205 276
206 277
207 278
208 279
209 281
210 282
211 283
212 284
213 285
214 286
215 287
216 288
217 289
218 290
219 291
220 292
221 293
222 294
223 295
224 296
225 297
226 298
227 299
228 300
229 301
230 302
231 303
232 304
233 305
234 306
235 307
236 308
237 309
238 310
239 311
240 312
241 313
242 314
243 315
244 316
245 317
246 318
247 319
248 320
249 321
250 322
251 323
252 324
253 325
254 326
255 327
256 328
257 329
258 330
259 331
260 332
261 333
262 334
263 335
264 336
265 337
266 338
267 339
268 340
269 341
270 342
271 343
272 344
273 345
274 346
275 347
276 348
277 349
278 350
279 351
280 352
281 353
282 354
283 355
284 356
285 357
286 358
287 359
288 360
289 361
290 362
291 363
292 364
293 365
294 366
295 367
296 368
297 369
298 370
299 371
300 372
301 373
302 374
303 375
304 376
305 377
306 378
307 379
308 380
309 381
310 382
311 383
312 384
313 385
314 386
315 387
316 388
317 389
318 390
319 391
320 392
321 393
322 394
323 395
324 396
325 397
326 398
327 399
328 400
329 401
330 402
331 403
332 404
333 405
334 406
335 407
336 408
337 409
338 410
339 411
340 412
341 413
342 414
343 415
344 416
345 417
346 418
347 419
348 420
349 421
350 422
351 423
352 424
353 425
354 426
355 427
356 428
357 429
358 430
359 431
360 433
361 434
362 435
363 436
364 437
365 438
366 439
367 441
368 442
369 443
370 444
371 445
372 446
373 447
374 449
375 450
376 451
377 452
378 453
379 454
380 455
381 457
382 458
383 459
384 460
385 461
386 462
387 463
388 465
389 466
390 467
391 468
392 469
393 470
394 472
395 473
396 474
397 475
398 476
399 477
400 478
401 480
402 481
403 482
404 483
405 484
406 485
407 486
408 488
409 489
410 490
411 491
412 492
413 493
414 494
415 496
416 497
417 498
418 499
419 500
420 501
421 503
422 504
423 505
424 506
425 507
426 508
427 509
428 511
429 512
430 513
431 514
432 515
433 516
434 517
435 519
436 520
437 521
438 522
439 523
440 524
441 525
442 527
443 528
444 529
445 530
446 531
447 532
448 534
449 535
450 536
451 537
452 538
453 539
454 540
455 542
456 543
457 544
458 545
459 546
460 547
461 548
462 550
463 551
464 552
465 553
466 554
467 555
468 556
469 558
470 559
471 560
472 561
473 562
474 563
475 565
476 566
477 567
478 568
479 569
480 570
481 571
482 573
483 574
484 575
485 576
486 577
487 578
488 579
489 581
490 582
491 583
492 584
493 585
494 586
495 587
496 589
497 590
498 591
499 592
500 593
501 594
502 596
503 597
504 598
505 599
506 600
507 601
508 602
509 604
510 605
511 606
512 607
513 608
514 609
515 610
516 612
517 613
518 614
519 615
520 616
521 617
522 618
523 620
524 621
525 622
526 623
527 624
528 625
529 627
530 628
531 629
532 630
533 631
534 632
535 633
536 635
537 636
538 637
539 638
540 639
541 640
542 641
543 643
544 644
545 645
546 646
547 647
548 648
549 649
550 651
551 652
552 653
553 654
554 655
555 656
556 658
557 659
558 660
559 661
560 662
561 664
562 665
563 666
564 667
565 669
566 670
567 671
568 672
569 673
570 675
571 676
572 677
573 678
574 680
575 681
576 682
577 683
578 684
579 686
580 687
581 688
582 689
583 691
584 692
585 693
586 694
587 695
588 697
589 698
590 699
591 700
592 702
593 703
594 704
595 705
596 706
597 708
598 709
599 710
600 711
601 713
602 714
603 715
604 716
605 717
606 719
607 720
608 721
609 722
610 724
611 725
612 726
613 727
614 728
615 730
616 731
617 732
618 733
619 735
620 736
621 737
622 738
623 739
624 741
625 742
626 743
627 744
628 746
629 747
630 748
631 749
632 750
633 752
634 753
635 754
636 755
637 757
638 758
639 759
640 760
641 761
642 763
643 764
644 765
645 766
646 768
647 769
648 770
649 771
650 772
651 774
652 775
653 776
654 777
655 779
656 780
657 781
658 782
659 783
660 785
661 786
662 787
663 788
664 790
665 791
666 792
667 793
668 794
669 796
670 797
671 798
672 799
673 801
674 802
675 803
676 804
677 805
678 807
679 808
680 809
681 810
682 812
683 813
684 814
685 815
686 816
687 818
688 819
689 820
690 821
691 823
692 824
693 825
694 826
695 827
696 829
697 830
698 831
699 832
700 834
701 835
702 836
703 838
704 839
705 841
706 842
707 843
708 845
709 846
710 848
711 849
712 850
713 852
714 853
715 855
716 856
717 857
718 859
719 860
720 862
721 863
722 864
723 866
724 867
725 869
726 870
727 871
728 873
729 874
730 876
731 877
732 878
733 880
734 881
735 883
736 884
737 886
738 887
739 888
740 890
741 891
742 893
743 894
744 895
745 897
746 898
747 900
748 901
749 902
750 904
751 905
752 907
753 908
754 909
755 911
756 912
757 914
758 915
759 916
760 918
761 919
762 921
763 922
764 923
765 925
766 926
767 928
768 929
769 931
770 932
771 933
772 935
773 936
774 938
775 939
776 940
777 942
778 943
779 945
780 946
781 947
782 949
783 950
784 952
785 953
786 954
787 956
788 957
789 959
790 960
791 961
792 963
793 964
794 966
795 967
796 968
797 970
798 971
799 973
800 974
801 976
802 976
803 977
804 978
805 979
806 980
807 981
808 982
809 983
810 984
811 985
812 986
813 987
814 988
815 989
816 990
817 991
818 992
819 993
820 994
821 995
822 996
823 997
824 998
825 999
826 1000
827 1001
828 1002
829 1002
830 1003
831 1004
832 1005
833 1006
834 1007
835 1008
836 1009
837 1010
838 1011
839 1012
840 1013
841 1014
842 1015
843 1016
844 1017
845 1018
846 1019
847 1020
848 1021
849 1022
850 1023
851 1024
852 1025
853 1026
854 1027
855 1028
856 1029
857 1029
858 1030
859 1031
860 1032
861 1033
862 1034
863 1035
864 1036
865 1037
866 1038
867 1039
868 1040
869 1041
870 1042
871 1043
872 1044
873 1045
874 1046
875 1047
876 1048
877 1049
878 1050
879 1051
880 1052
881 1053
882 1054
883 1055
884 1056
885 1056
886 1057
887 1058
888 1059
889 1060
890 1061
891 1062
892 1063
893 1064
894 1065
895 1066
896 1067
897 1068
898 1069
899 1070
900 1071
901 1072
902 1073
903 1074
904 1075
905 1076
906 1077
907 1078
908 1079
909 1080
910 1081
911 1082
912 1083
913 1083
914 1084
915 1085
916 1086
917 1087
918 1088
919 1089
920 1090
921 1091
922 1092
923 1093
924 1094
925 1095
926 1096
927 1097
928 1098
929 1099
930 1100
931 1101
932 1102
933 1103
934 1104
935 1105
936 1106
937 1107
938 1108
939 1109
940 1110
941 1110
942 1111
943 1112
944 1113
945 1114
946 1115
947 1116
948 1117
949 1118
950 1119
951 1120
952 1121
953 1122
954 1123
955 1124
956 1125
957 1126
958 1127
959 1128
960 1129
961 1130
962 1131
963 1132
964 1133
965 1134
966 1135
967 1136
968 1137
969 1137
970 1138
971 1139
972 1140
973 1141
974 1142
975 1143
976 1144
977 1145
978 1146
979 1147
980 1148
981 1149
982 1150
983 1151
984 1152
985 1153
986 1154
987 1155
988 1156
989 1157
990 1158
991 1159
992 1160
993 1161
994 1162
995 1163
996 1164
997 1164
998 1165
999 1166
1000 1167
1001 1168
1002 1169
1003 1170
1004 1171
1005 1172
1006 1173
1007 1174
1008 1175
1009 1176
1010 1177
1011 1178
1012 1179
1013 1180
1014 1181
1015 1182
1016 1183
1017 1184
1018 1185
1019 1186
1020 1187
1021 1188
1022 1189
1023 1190
1024 1191
1025 1192
1026 1193
1027 1193
1028 1194
1029 1195
1030 1196
1031 1197
1032 1198
1033 1199
1034 1200
1035 1201
1036 1202
1037 1203
1038 1204
1039 1205
1040 1206
1041 1207
1042 1208
1043 1209
1044 1210
1045 1211
1046 1212
1047 1213
1048 1214
1049 1215
1050 1216
1051 1217
1052 1218
1053 1219
1054 1220
1055 1221
1056 1222
1057 1223
1058 1223
1059 1224
1060 1225
1061 1226
1062 1227
1063 1228
1064 1229
1065 1230
1066 1231
1067 1232
1068 1233
1069 1234
1070 1235
1071 1236
1072 1237
1073 1238
1074 1239
1075 1240
1076 1241
1077 1242
1078 1243
1079 1244
1080 1245
1081 1246
1082 1247
1083 1248
1084 1249
1085 1250
1086 1251
1087 1252
1088 1253
1089 1253
1090 1254
1091 1255
1092 1256
1093 1257
1094 1258
1095 1259
1096 1260
1097 1261
1098 1262
1099 1263
1100 1264
1101 1265
1102 1266
1103 1267
1104 1268
1105 1269
1106 1270
1107 1271
1108 1272
1109 1273
1110 1274
1111 1275
1112 1276
1113 1277
1114 1278
1115 1279
1116 1280
1117 1281
1118 1282
1119 1282
1120 1283
1121 1284
1122 1285
1123 1286
1124 1287
1125 1288
1126 1289
1127 1290
1128 1291
1129 1292
1130 1293
1131 1294
1132 1295
1133 1296
1134 1297
1135 1298
1136 1299
1137 1300
1138 1301
1139 1302
1140 1303
1141 1304
1142 1305
1143 1306
1144 1307
1145 1308
1146 1309
1147 1310
1148 1311
1149 1312
1150 1312
1151 1313
1152 1314
1153 1315
1154 1316
1155 1317
1156 1318
1157 1319
1158 1320
1159 1321
1160 1322
1161 1323
1162 1324
1163 1325
1164 1326
1165 1327
1166 1328
1167 1329
1168 1330
1169 1331
1170 1332
1171 1333
1172 1334
1173 1335
1174 1336
1175 1337
1176 1338
1177 1339
1178 1340
1179 1341
1180 1342
1181 1342
1182 1343
1183 1344
1184 1345
1185 1345
1186 1346
1187 1347
1188 1348
1189 1349
1190 1349
1191 1350
1192 1351
1193 1352
1194 1353
1195 1353
1196 1354
1197 1355
1198 1356
1199 1356
1200 1357
1201 1358
1202 1359
1203 1360
1204 1360
1205 1361
1206 1362
1207 1363
1208 1364
1209 1364
1210 1365
1211 1366
1212 1367
1213 1368
1214 1368
1215 1369
1216 1370
1217 1371
1218 1371
1219 1372
1220 1373
1221 1374
1222 1375
1223 1375
1224 1376
1225 1377
1226 1378
1227 1379
1228 1379
1229 1380
1230 1381
1231 1382
1232 1383
1233 1383
1234 1384
1235 1385
1236 1386
1237 1386
1238 1387
1239 1388
1240 1389
1241 1390
1242 1390
1243 1391
1244 1392
1245 1393
1246 1394
1247 1394
1248 1395
1249 1396
1250 1397
1251 1398
1252 1398
1253 1399
1254 1400
1255 1401
1256 1401
1257 1402
1258 1403
1259 1404
1260 1405
1261 1405
1262 1406
1263 1407
1264 1408
1265 1409
1266 1409
1267 1410
1268 1411
1269 1412
1270 1413
1271 1413
1272 1414
1273 1415
1274 1416
1275 1416
1276 1417
1277 1418
1278 1419
1279 1420
1280 1420
1281 1421
1282 1422
1283 1423
1284 1424
1285 1424
1286 1425
1287 1426
1288 1427
1289 1428
1290 1428
1291 1429
1292 1430
1293 1431
1294 1431
1295 1432
1296 1433
1297 1434
1298 1435
1299 1435
1300 1436
1301 1437
1302 1438
1303 1439
1304 1439
1305 1440
1306 1441
1307 1442
1308 1443
1309 1443
1310 1444
1311 1445
1312 1446
1313 1446
1314 1447
1315 1448
1316 1449
1317 1450
1318 1450
1319 1451
1320 1452
1321 1453
1322 1454
1323 1454
1324 1455
1325 1456
1326 1457
1327 1458
1328 1458
1329 1459
1330 1460
1331 1461
1332 1461
1333 1462
1334 1463
1335 1464
1336 1465
1337 1465
1338 1466
1339 1467
1340 1468
1341 1469
1342 1469
1343 1470
1344 1471
1345 1472
1346 1473
1347 1473
1348 1474
1349 1475
1350 1476
1351 1476
1352 1477
1353 1478
1354 1479
1355 1480
1356 1480
1357 1481
1358 1482
1359 1483
1360 1484
1361 1484
1362 1485
1363 1486
1364 1487
1365 1488
1366 1488
1367 1489
1368 1490
1369 1491
1370 1491
1371 1492
1372 1493
1373 1494
1374 1495
1375 1495
1376 1496
1377 1497
1378 1498
1379 1499
1380 1499
1381 1500
1382 1501
1383 1502
1384 1503
1385 1503
1386 1504
1387 1504
1388 1505
1389 1506
1390 1506
1391 1507
1392 1508
1393 1508
1394 1509
1395 1509
1396 1510
1397 1511
1398 1511
1399 1512
1400 1513
1401 1513
1402 1514
1403 1515
1404 1515
1405 1516
1406 1516
1407 1517
1408 1518
1409 1518
1410 1519
1411 1520
1412 1520
1413 1521
1414 1522
1415 1522
1416 1523
1417 1523
1418 1524
1419 1525
1420 1525
1421 1526
1422 1527
1423 1527
1424 1528
1425 1529
1426 1529
1427 1530
1428 1530
1429 1531
1430 1532
1431 1532
1432 1533
1433 1534
1434 1534
1435 1535
1436 1536
1437 1536
1438 1537
1439 1537
1440 1538
1441 1539
1442 1539
1443 1540
1444 1541
1445 1541
1446 1542
1447 1543
1448 1543
1449 1544
1450 1544
1451 1545
1452 1546
1453 1546
1454 1547
1455 1548
1456 1548
1457 1549
1458 1550
1459 1550
1460 1551
1461 1551
1462 1552
1463 1553
1464 1553
1465 1554
1466 1555
1467 1555
1468 1556
1469 1557
1470 1557
1471 1558
1472 1558
1473 1559
1474 1560
1475 1560
1476 1561
1477 1562
1478 1562
1479 1563
1480 1563
1481 1564
1482 1565
1483 1565
1484 1566
1485 1567
1486 1567
1487 1568
1488 1569
1489 1569
1490 1570
1491 1570
1492 1571
1493 1572
1494 1572
1495 1573
1496 1574
1497 1574
1498 1575
1499 1576
1500 1576
1501 1577
1502 1577
1503 1578
1504 1579
1505 1579
1506 1580
1507 1581
1508 1581
1509 1582
1510 1583
1511 1583
1512 1584
1513 1584
1514 1585
1515 1586
1516 1586
1517 1587
1518 1588
1519 1588
1520 1589
1521 1590
1522 1590
1523 1591
1524 1591
1525 1592
1526 1593
1527 1593
1528 1594
1529 1595
1530 1595
1531 1596
1532 1597
1533 1597
1534 1598
1535 1598
1536 1599
1537 1600
1538 1600
1539 1601
1540 1602
1541 1602
1542 1603
1543 1604
1544 1604
1545 1605
1546 1605
1547 1606
1548 1607
1549 1607
1550 1608
1551 1609
1552 1609
1553 1610
1554 1611
1555 1611
1556 1612
1557 1612
1558 1613
1559 1614
1560 1614
1561 1615
1562 1616
1563 1616
1564 1617
1565 1617
1566 1618
1567 1619
1568 1619
1569 1620
1570 1621
1571 1621
1572 1622
1573 1623
1574 1623
1575 1624
1576 1624
1577 1625
1578 1626
1579 1626
1580 1627
1581 1628
1582 1628
1583 1629
1584 1630
1585 1630
1586 1631
1587 1631
1588 1632
1589 1633
1590 1633
1591 1634
1592 1635
1593 1635
1594 1636
1595 1637
1596 1637
1597 1638
1598 1638
1599 1639
1600 1640
1601 1640
1602 1641
1603 1642
1604 1642
1605 1643
1606 1644
1607 1644
1608 1645
1609 1645
1610 1646
1611 1647
1612 1647
1613 1648
1614 1649
1615 1649
1616 1650
1617 1651
1618 1651
1619 1652
1620 1652
1621 1653
1622 1654
1623 1654
1624 1655
1625 1656
1626 1656
1627 1657
1628 1658
1629 1658
1630 1659
1631 1659
1632 1660
1633 1661
1634 1661
1635 1662
1636 1663
1637 1663
1638 1664
1639 1665
1640 1665
1641 1666
1642 1667
1643 1668
1644 1669
1645 1670
1646 1671
1647 1672
1648 1673
1649 1674
1650 1675
1651 1676
1652 1677
1653 1677
1654 1678
1655 1679
1656 1680
1657 1681
1658 1682
1659 1683
1660 1684
1661 1685
1662 1686
1663 1687
1664 1688
1665 1689
1666 1689
1667 1690
1668 1691
1669 1692
1670 1693
1671 1694
1672 1695
1673 1696
1674 1697
1675 1698
1676 1699
1677 1700
1678 1701
1679 1701
1680 1702
1681 1703
1682 1704
1683 1705
1684 1706
1685 1707
1686 1708
1687 1709
1688 1710
1689 1711
1690 1712
1691 1713
1692 1713
1693 1714
1694 1715
1695 1716
1696 1717
1697 1718
1698 1719
1699 1720
1700 1721
1701 1722
1702 1723
1703 1724
1704 1725
1705 1726
1706 1726
1707 1727
1708 1728
1709 1729
1710 1730
1711 1731
1712 1732
1713 1733
1714 1734
1715 1735
1716 1736
1717 1737
1718 1738
1719 1738
1720 1739
1721 1740
1722 1741
1723 1742
1724 1743
1725 1744
1726 1745
1727 1746
1728 1747
1729 1748
1730 1749
1731 1750
1732 1750
1733 1751
1734 1752
1735 1753
1736 1754
1737 1755
1738 1756
1739 1757
1740 1758
1741 1759
1742 1760
1743 1761
1744 1762
1745 1762
1746 1763
1747 1764
1748 1765
1749 1766
1750 1767
1751 1768
1752 1769
1753 1770
1754 1771
1755 1772
1756 1773
1757 1774
1758 1775
1759 1775
1760 1776
1761 1777
1762 1778
1763 1779
1764 1780
1765 1781
1766 1782
1767 1783
1768 1784
1769 1785
1770 1786
1771 1787
1772 1787
1773 1788
1774 1789
1775 1790
1776 1791
1777 1792
1778 1793
1779 1794
1780 1795
1781 1796
1782 1797
1783 1798
1784 1799
1785 1799
1786 1800
1787 1801
1788 1802
1789 1803
1790 1804
1791 1805
1792 1806
1793 1807
1794 1808
1795 1809
1796 1810
1797 1811
1798 1811
1799 1812
1800 1813
1801 1814
1802 1815
1803 1816
1804 1817
1805 1818
1806 1819
1807 1820
1808 1821
1809 1822
1810 1823
1811 1824
1812 1824
1813 1825
1814 1826
1815 1827
1816 1828
1817 1829
1818 1830
1819 1830
1820 1831
1821 1832
1822 1833
1823 1834
1824 1835
1825 1836
1826 1837
1827 1837
1828 1838
1829 1839
1830 1840
1831 1841
1832 1842
1833 1843
1834 1844
1835 1844
1836 1845
1837 1846
1838 1847
1839 1848
1840 1849
1841 1850
1842 1851
1843 1851
1844 1852
1845 1853
1846 1854
1847 1855
1848 1856
1849 1857
1850 1858
1851 1858
1852 1859
1853 1860
1854 1861
1855 1862
1856 1863
1857 1864
1858 1864
1859 1865
1860 1866
1861 1867
1862 1868
1863 1869
1864 1870
1865 1871
1866 1871
1867 1872
1868 1873
1869 1874
1870 1875
1871 1876
1872 1877
1873 1878
1874 1878
1875 1879
1876 1880
1877 1881
1878 1882
1879 1883
1880 1884
1881 1885
1882 1885
1883 1886
1884 1887
1885 1888
1886 1889
1887 1890
1888 1891
1889 1892
1890 1892
1891 1893
1892 1894
1893 1895
1894 1896
1895 1897
1896 1898
1897 1898
1898 1899
1899 1900
1900 1901
1901 1902
1902 1903
1903 1904
1904 1905
1905 1905
1906 1906
1907 1907
1908 1908
1909 1909
1910 1910
1911 1911
1912 1912
1913 1912
1914 1913
1915 1914
1916 1915
1917 1916
1918 1917
1919 1918
1920 1919
1921 1919
1922 1920
1923 1921
1924 1922
1925 1923
1926 1924
1927 1925
1928 1926
1929 1926
1930 1927
1931 1928
1932 1929
1933 1930
1934 1931
1935 1932
1936 1932
1937 1933
1938 1934
1939 1935
1940 1936
1941 1937
1942 1938
1943 1939
1944 1939
1945 1940
1946 1941
1947 1942
1948 1943
1949 1944
1950 1945
1951 1946
1952 1946
1953 1947
1954 1948
1955 1949
1956 1950
1957 1951
1958 1952
1959 1953
1960 1953
1961 1954
1962 1955
1963 1956
1964 1957
1965 1958
1966 1959
1967 1960
1968 1960
1969 1961
1970 1962
1971 1963
1972 1964
1973 1965
1974 1966
1975 1966
1976 1967
1977 1968
1978 1969
1979 1970
1980 1971
1981 1972
1982 1973
1983 1973
1984 1974
1985 1975
1986 1976
1987 1977
1988 1978
1989 1979
1990 1980
1991 1980
1992 1981
1993 1982
1994 1983
1995 1984
1996 1985
1997 1986
1998 1987
1999 1987
2000 1988
2001 1989
2002 1990
2003 1991
2004 1992
2005 1993
2006 1994
2007 1994
2008 1995
2009 1996
2010 1997
2011 1998
2012 1998
2013 1999
2014 2000
2015 2001
2016 2002
2017 2003
2018 2003
2019 2004
2020 2005
2021 2006
2022 2007
2023 2007
2024 2008
2025 2009
2026 2010
2027 2011
2028 2012
2029 2012
2030 2013
2031 2014
2032 2015
2033 2016
2034 2016
2035 2017
2036 2018
2037 2019
2038 2020
2039 2021
2040 2021
2041 2022
2042 2023
2043 2024
2044 2025
2045 2025
2046 2026
2047 2027
2048 2028
2049 2029
2050 2030
2051 2030
2052 2031
2053 2032
2054 2033
2055 2034
2056 2034
2057 2035
2058 2036
2059 2037
2060 2038
2061 2039
2062 2039
2063 2040
2064 2041
2065 2042
2066 2043
2067 2043
2068 2044
2069 2045
2070 2046
2071 2047
2072 2048
2073 2048
2074 2049
2075 2050
2076 2051
2077 2052
2078 2052
2079 2053
2080 2054
2081 2055
2082 2056
2083 2057
2084 2057
2085 2058
2086 2059
2087 2060
2088 2061
2089 2061
2090 2062
2091 2063
2092 2064
2093 2065
2094 2066
2095 2066
2096 2067
2097 2068
2098 2069
2099 2070
2100 2070
2101 2071
2102 2072
2103 2073
2104 2074
2105 2075
2106 2075
2107 2076
2108 2077
2109 2078
2110 2079
2111 2079
2112 2080
2113 2081
2114 2082
2115 2083
2116 2084
2117 2084
2118 2085
2119 2086
2120 2087
2121 2088
2122 2088
2123 2089
2124 2090
2125 2091
2126 2092
2127 2093
2128 2093
2129 2094
2130 2095
2131 2096
2132 2097
2133 2098
2134 2099
2135 2100
2136 2101
2137 2102
2138 2103
2139 2104
2140 2105
2141 2106
2142 2107
2143 2108
2144 2109
2145 2110
2146 2111
2147 2112
2148 2113
2149 2114
2150 2115
2151 2116
2152 2117
2153 2118
2154 2119
2155 2120
2156 2121
2157 2122
2158 2123
2159 2124
2160 2125
2161 2125
2162 2126
2163 2127
2164 2128
2165 2129
2166 2130
2167 2131
2168 2132
2169 2133
2170 2134
2171 2135
2172 2136
2173 2137
2174 2138
2175 2139
2176 2140
2177 2141
2178 2142
2179 2143
2180 2144
2181 2145
2182 2146
2183 2147
2184 2148
2185 2149
2186 2150
2187 2151
2188 2152
2189 2153
2190 2154
2191 2155
2192 2156
2193 2157
2194 2157
2195 2158
2196 2159
2197 2160
2198 2161
2199 2162
2200 2163
2201 2164
2202 2165
2203 2166
2204 2167
2205 2168
2206 2169
2207 2170
2208 2171
2209 2172
2210 2173
2211 2174
2212 2175
2213 2176
2214 2177
2215 2178
2216 2179
2217 2180
2218 2181
2219 2182
2220 2183
2221 2184
2222 2185
2223 2186
2224 2187
2225 2188
2226 2189
2227 2190
2228 2190
2229 2191
2230 2192
2231 2193
2232 2194
2233 2195
2234 2196
2235 2197
2236 2198
2237 2199
2238 2200
2239 2201
2240 2202
2241 2203
2242 2204
2243 2205
2244 2206
2245 2207
2246 2208
2247 2209
2248 2210
2249 2211
2250 2212
2251 2213
2252 2214
2253 2215
2254 2216
2255 2217
2256 2218
2257 2219
2258 2220
2259 2221
2260 2222
2261 2222
2262 2223
2263 2224
2264 2225
2265 2226
2266 2227
2267 2228
2268 2229
2269 2230
2270 2231
2271 2232
2272 2233
2273 2234
2274 2235
2275 2236
2276 2237
2277 2238
2278 2239
2279 2240
2280 2241
2281 2242
2282 2243
2283 2244
2284 2245
2285 2246
2286 2247
2287 2248
2288 2249
2289 2250
2290 2251
2291 2252
2292 2253
2293 2254
2294 2254
2295 2255
2296 2256
2297 2257
2298 2258
2299 2259
2300 2260
2301 2261
2302 2262
2303 2263
2304 2264
2305 2265
2306 2266
2307 2267
2308 2268
2309 2269
2310 2270
2311 2271
2312 2272
2313 2273
2314 2274
2315 2275
2316 2276
2317 2277
2318 2278
2319 2279
2320 2280
2321 2281
2322 2282
2323 2283
2324 2284
2325 2285
2326 2286
2327 2287
2328 2288
2329 2289
2330 2290
2331 2291
2332 2292
2333 2293
2334 2294
2335 2295
2336 2296
2337 2298
2338 2299
2339 2300
2340 2301
2341 2302
2342 2303
2343 2304
2344 2305
2345 2306
2346 2307
2347 2309
2348 2310
2349 2311
2350 2312
2351 2313
2352 2314
2353 2315
2354 2316
2355 2317
2356 2318
2357 2320
2358 2321
2359 2322
2360 2323
2361 2324
2362 2325
2363 2326
2364 2327
2365 2328
2366 2329
2367 2331
2368 2332
2369 2333
2370 2334
2371 2335
2372 2336
2373 2337
2374 2338
2375 2339
2376 2341
2377 2342
2378 2343
2379 2344
2380 2345
2381 2346
2382 2347
2383 2348
2384 2349
2385 2350
2386 2352
2387 2353
2388 2354
2389 2355
2390 2356
2391 2357
2392 2358
2393 2359
2394 2360
2395 2361
2396 2363
2397 2364
2398 2365
2399 2366
2400 2367
2401 2368
2402 2369
2403 2370
2404 2371
2405 2372
2406 2374
2407 2375
2408 2376
2409 2377
2410 2378
2411 2379
2412 2380
2413 2381
2414 2382
2415 2383
2416 2385
2417 2386
2418 2387
2419 2388
2420 2389
2421 2390
2422 2391
2423 2392
2424 2393
2425 2395
2426 2396
2427 2397
2428 2398
2429 2399
2430 2400
2431 2401
2432 2402
2433 2403
2434 2404
2435 2406
2436 2407
2437 2408
2438 2409
2439 2410
2440 2411
2441 2412
2442 2413
2443 2414
2444 2415
2445 2417
2446 2418
2447 2419
2448 2420
2449 2421
2450 2422
2451 2423
2452 2424
2453 2425
2454 2426
2455 2428
2456 2429
2457 2430
2458 2431
2459 2432
2460 2433
2461 2434
2462 2435
2463 2436
2464 2437
2465 2439
2466 2440
2467 2441
2468 2442
2469 2443
2470 2444
2471 2445
2472 2446
2473 2447
2474 2449
2475 2450
2476 2451
2477 2452
2478 2453
2479 2454
2480 2455
2481 2456
2482 2457
2483 2458
2484 2460
2485 2461
2486 2462
2487 2463
2488 2464
2489 2465
2490 2466
2491 2467
2492 2468
2493 2469
2494 2471
2495 2472
2496 2473
2497 2474
2498 2475
2499 2476
2500 2477
2501 2478
2502 2479
2503 2480
2504 2482
2505 2483
2506 2484
2507 2485
2508 2486
2509 2487
2510 2488
2511 2489
2512 2490
2513 2492
2514 2493
2515 2494
2516 2495
2517 2496
2518 2497
2519 2498
2520 2499
2521 2500
2522 2501
2523 2502
2524 2503
2525 2504
2526 2505
2527 2506
2528 2507
2529 2508
2530 2509
2531 2510
2532 2511
2533 2512
2534 2514
2535 2515
2536 2516
2537 2517
2538 2518
2539 2519
2540 2520
2541 2521
2542 2522
2543 2523
2544 2524
2545 2525
2546 2526
2547 2527
2548 2528
2549 2529
2550 2530
2551 2531
2552 2532
2553 2533
2554 2535
2555 2536
2556 2537
2557 2538
2558 2539
2559 2540
2560 2541
2561 2542
2562 2543
2563 2544
2564 2545
2565 2546
2566 2547
2567 2548
2568 2549
2569 2550
2570 2551
2571 2552
2572 2553
2573 2554
2574 2556
2575 2557
2576 2558
2577 2559
2578 2560
2579 2561
2580 2562
2581 2563
2582 2564
2583 2565
2584 2566
2585 2567
2586 2568
2587 2569
2588 2570
2589 2571
2590 2572
2591 2573
2592 2574
2593 2575
2594 2576
2595 2578
2596 2579
2597 2580
2598 2581
2599 2582
2600 2583
2601 2584
2602 2585
2603 2586
2604 2587
2605 2588
2606 2589
2607 2590
2608 2591
2609 2592
2610 2593
2611 2594
2612 2595
2613 2596
2614 2597
2615 2599
2616 2600
2617 2601
2618 2602
2619 2603
2620 2604
2621 2605
2622 2606
2623 2607
2624 2608
2625 2609
2626 2610
2627 2611
2628 2612
2629 2613
2630 2614
2631 2615
2632 2616
2633 2617
2634 2618
2635 2620
2636 2621
2637 2622
2638 2623
2639 2624
2640 2625
2641 2626
2642 2627
2643 2628
2644 2629
2645 2630
2646 2631
2647 2632
2648 2633
2649 2634
2650 2635
2651 2636
2652 2637
2653 2638
2654 2639
2655 2640
2656 2642
2657 2643
2658 2644
2659 2645
2660 2646
2661 2647
2662 2648
2663 2649
2664 2650
2665 2651
2666 2652
2667 2653
2668 2654
2669 2655
2670 2656
2671 2657
2672 2658
2673 2659
2674 2660
2675 2661
2676 2663
2677 2664
2678 2665
2679 2666
2680 2667
2681 2668
2682 2669
2683 2670
2684 2671
2685 2672
2686 2673
2687 2674
2688 2675
2689 2676
2690 2677
2691 2678
2692 2679
2693 2680
2694 2681
2695 2682
2696 2684
2697 2685
2698 2686
2699 2687
2700 2688
2701 2689
2702 2690
2703 2692
2704 2693
2705 2694
2706 2695
2707 2696
2708 2697
2709 2699
2710 2700
2711 2701
2712 2702
2713 2703
2714 2704
2715 2706
2716 2707
2717 2708
2718 2709
2719 2710
2720 2711
2721 2713
2722 2714
2723 2715
2724 2716
2725 2717
2726 2718
2727 2720
2728 2721
2729 2722
2730 2723
2731 2724
2732 2725
2733 2727
2734 2728
2735 2729
2736 2730
2737 2731
2738 2732
2739 2734
2740 2735
2741 2736
2742 2737
2743 2738
2744 2739
2745 2741
2746 2742
2747 2743
2748 2744
2749 2745
2750 2746
2751 2748
2752 2749
2753 2750
2754 2751
2755 2752
2756 2753
2757 2754
2758 2756
2759 2757
2760 2758
2761 2759
2762 2760
2763 2761
2764 2763
2765 2764
2766 2765
2767 2766
2768 2767
2769 2768
2770 2770
2771 2771
2772 2772
2773 2773
2774 2774
2775 2775
2776 2777
2777 2778
2778 2779
2779 2780
2780 2781
2781 2782
2782 2784
2783 2785
2784 2786
2785 2787
2786 2788
2787 2789
2788 2791
2789 2792
2790 2793
2791 2794
2792 2795
2793 2796
2794 2798
2795 2799
2796 2800
2797 2801
2798 2802
2799 2803
2800 2805
2801 2806
2802 2807
2803 2808
2804 2809
2805 2810
2806 2812
2807 2813
2808 2814
2809 2815
2810 2816
2811 2817
2812 2818
2813 2820
2814 2821
2815 2822
2816 2823
2817 2824
2818 2825
2819 2827
2820 2828
2821 2829
2822 2830
2823 2831
2824 2832
2825 2834
2826 2835
2827 2836
2828 2837
2829 2838
2830 2839
2831 2841
2832 2842
2833 2843
2834 2844
2835 2845
2836 2846
2837 2848
2838 2849
2839 2850
2840 2851
2841 2852
2842 2853
2843 2855
2844 2856
2845 2857
2846 2858
2847 2859
2848 2860
2849 2862
2850 2863
2851 2864
2852 2865
2853 2866
2854 2867
2855 2869
2856 2870
2857 2871
2858 2872
2859 2873
2860 2874
2861 2876
2862 2877
2863 2878
2864 2879
2865 2880
2866 2881
2867 2882
2868 2884
2869 2885
2870 2886
2871 2887
2872 2888
2873 2889
2874 2891
2875 2892
2876 2893
2877 2894
2878 2895
2879 2896
2880 2898
2881 2899
2882 2900
2883 2901
2884 2902
2885 2903
2886 2905
2887 2906
2888 2907
2889 2908
2890 2909
2891 2910
2892 2912
2893 2913
2894 2914
2895 2915
2896 2916
2897 2917
2898 2919
2899 2920
2900 2921
2901 2922
2902 2923
2903 2924
2904 2926
2905 2927
2906 2928
2907 2929
2908 2930
2909 2931
2910 2933
2911 2934
2912 2935
2913 2936
2914 2937
2915 2938
2916 2940
2917 2941
2918 2942
2919 2944
2920 2945
2921 2947
2922 2948
2923 2950
2924 2951
2925 2952
2926 2954
2927 2955
2928 2957
2929 2958
2930 2960
2931 2961
2932 2962
2933 2964
2934 2965
2935 2967
2936 2968
2937 2970
2938 2971
2939 2973
2940 2974
2941 2975
2942 2977
2943 2978
2944 2980
2945 2981
2946 2983
2947 2984
2948 2985
2949 2987
2950 2988
2951 2990
2952 2991
2953 2993
2954 2994
2955 2996
2956 2997
2957 2998
2958 3000
2959 3001
2960 3003
2961 3004
2962 3006
2963 3007
2964 3008
2965 3010
2966 3011
2967 3013
2968 3014
2969 3016
2970 3017
2971 3019
2972 3020
2973 3021
2974 3023
2975 3024
2976 3026
2977 3027
2978 3029
2979 3030
2980 3031
2981 3033
2982 3034
2983 3036
2984 3037
2985 3039
2986 3040
2987 3042
2988 3043
2989 3044
2990 3046
2991 3047
2992 3049
2993 3050
2994 3052
2995 3053
2996 3054
2997 3056
2998 3057
2999 3059
3000 3060
3001 3062
3002 3063
3003 3064
3004 3066
3005 3067
3006 3069
3007 3070
3008 3072
3009 3073
3010 3075
3011 3076
3012 3077
3013 3079
3014 3080
3015 3082
3016 3083
3017 3085
3018 3086
3019 3087
3020 3089
3021 3090
3022 3092
3023 3093
3024 3095
3025 3096
3026 3098
3027 3099
3028 3100
3029 3102
3030 3103
3031 3105
3032 3106
3033 3108
3034 3109
3035 3110
3036 3112
3037 3113
3038 3115
3039 3116
3040 3118
3041 3119
3042 3121
3043 3122
3044 3123
3045 3125
3046 3126
3047 3128
3048 3129
3049 3131
3050 3132
3051 3133
3052 3135
3053 3136
3054 3138
3055 3139
3056 3141
3057 3142
3058 3144
3059 3145
3060 3146
3061 3148
3062 3149
3063 3151
3064 3152
3065 3154
3066 3155
3067 3156
3068 3158
3069 3159
3070 3161
3071 3162
3072 3164
3073 3165
3074 3167
3075 3168
3076 3169
3077 3170
3078 3171
3079 3172
3080 3173
3081 3174
3082 3175
3083 3176
3084 3177
3085 3178
3086 3180
3087 3181
3088 3182
3089 3183
3090 3184
3091 3185
3092 3186
3093 3187
3094 3188
3095 3189
3096 3190
3097 3192
3098 3193
3099 3194
3100 3195
3101 3196
3102 3197
3103 3198
3104 3199
3105 3200
3106 3201
3107 3202
3108 3204
3109 3205
3110 3206
3111 3207
3112 3208
3113 3209
3114 3210
3115 3211
3116 3212
3117 3213
3118 3214
3119 3215
3120 3217
3121 3218
3122 3219
3123 3220
3124 3221
3125 3222
3126 3223
3127 3224
3128 3225
3129 3226
3130 3227
3131 3229
3132 3230
3133 3231
3134 3232
3135 3233
3136 3234
3137 3235
3138 3236
3139 3237
3140 3238
3141 3239
3142 3241
3143 3242
3144 3243
3145 3244
3146 3245
3147 3246
3148 3247
3149 3248
3150 3249
3151 3250
3152 3251
3153 3252
3154 3254
3155 3255
3156 3256
3157 3257
3158 3258
3159 3259
3160 3260
3161 3261
3162 3262
3163 3263
3164 3264
3165 3266
3166 3267
3167 3268
3168 3269
3169 3270
3170 3271
3171 3272
3172 3273
3173 3274
3174 3275
3175 3276
3176 3278
3177 3279
3178 3280
3179 3281
3180 3282
3181 3283
3182 3284
3183 3285
3184 3286
3185 3287
3186 3288
3187 3289
3188 3291
3189 3292
3190 3293
3191 3294
3192 3295
3193 3296
3194 3297
3195 3298
3196 3299
3197 3300
3198 3301
3199 3303
3200 3304
3201 3305
3202 3306
3203 3307
3204 3308
3205 3309
3206 3310
3207 3311
3208 3312
3209 3313
3210 3315
3211 3316
3212 3317
3213 3318
3214 3319
3215 3320
3216 3321
3217 3322
3218 3323
3219 3324
3220 3325
3221 3326
3222 3328
3223 3329
3224 3330
3225 3331
3226 3332
3227 3333
3228 3334
3229 3335
3230 3336
3231 3337
3232 3338
3233 3340
3234 3341
3235 3342
3236 3343
3237 3344
3238 3345
3239 3346
3240 3347
3241 3348
3242 3349
3243 3350
3244 3352
3245 3353
3246 3354
3247 3355
3248 3356
3249 3357
3250 3358
3251 3359
3252 3360
3253 3361
3254 3362
3255 3363
3256 3365
3257 3366
3258 3367
3259 3368
3260 3369
3261 3370
3262 3371
3263 3372
3264 3373
3265 3374
3266 3375
3267 3377
3268 3378
3269 3379
3270 3380
3271 3381
3272 3382
3273 3383
3274 3384
3275 3385
3276 3386
3277 3387
3278 3389
3279 3390
3280 3391
3281 3392
3282 3393
3283 3394
3284 3395
3285 3396
3286 3397
3287 3398
3288 3399
3289 3400
3290 3402
3291 3403
3292 3404
3293 3405
3294 3406
3295 3407
3296 3408
3297 3409
3298 3410
3299 3411
3300 3412
3301 3414
3302 3415
3303 3416
3304 3417
3305 3418
3306 3419
3307 3420
3308 3421
3309 3422
3310 3423
3311 3424
3312 3426
3313 3426
3314 3427
3315 3428
3316 3429
3317 3430
3318 3431
3319 3432
3320 3433
3321 3434
3322 3435
3323 3436
3324 3437
3325 3438
3326 3439
3327 3440
3328 3441
3329 3442
3330 3443
3331 3444
3332 3445
3333 3446
3334 3447
3335 3448
3336 3449
3337 3450
3338 3451
3339 3452
3340 3453
3341 3454
3342 3455
3343 3456
3344 3457
3345 3458
3346 3459
3347 3460
3348 3461
3349 3462
3350 3463
3351 3464
3352 3465
3353 3466
3354 3467
3355 3468
3356 3469
3357 3470
3358 3471
3359 3472
3360 3473
3361 3474
3362 3474
3363 3475
3364 3476
3365 3477
3366 3478
3367 3479
3368 3480
3369 3481
3370 3482
3371 3483
3372 3484
3373 3485
3374 3486
3375 3487
3376 3488
3377 3489
3378 3490
3379 3491
3380 3492
3381 3493
3382 3494
3383 3495
3384 3496
3385 3497
3386 3498
3387 3499
3388 3500
3389 3501
3390 3502
3391 3503
3392 3504
3393 3505
3394 3506
3395 3507
3396 3508
3397 3509
3398 3510
3399 3511
3400 3512
3401 3513
3402 3514
3403 3515
3404 3516
3405 3517
3406 3518
3407 3519
3408 3520
3409 3521
3410 3522
3411 3522
3412 3523
3413 3524
3414 3525
3415 3526
3416 3527
3417 3528
3418 3529
3419 3530
3420 3531
3421 3532
3422 3533
3423 3534
3424 3535
3425 3536
3426 3537
3427 3538
3428 3539
3429 3540
3430 3541
3431 3542
3432 3543
3433 3544
3434 3545
3435 3546
3436 3547
3437 3548
3438 3549
3439 3550
3440 3551
3441 3552
3442 3553
3443 3554
3444 3555
3445 3556
3446 3557
3447 3558
3448 3559
3449 3560
3450 3561
3451 3562
3452 3563
3453 3564
3454 3565
3455 3566
3456 3567
3457 3568
3458 3569
3459 3570
3460 3570
3461 3571
3462 3572
3463 3573
3464 3574
3465 3575
3466 3576
3467 3577
3468 3578
3469 3579
3470 3580
3471 3581
3472 3582
3473 3583
3474 3584
3475 3585
3476 3586
3477 3587
3478 3588
3479 3589
3480 3590
3481 3591
3482 3592
3483 3593
3484 3594
3485 3595
3486 3596
3487 3597
3488 3598
3489 3599
3490 3600
3491 3601
3492 3602
3493 3603
3494 3604
3495 3605
3496 3606
3497 3607
3498 3608
3499 3609
3500 3610
3501 3611
3502 3612
3503 3613
3504 3614
3505 3615
3506 3616
3507 3617
3508 3618
3509 3619
3510 3620
3511 3621
3512 3622
3513 3623
3514 3624
3515 3625
3516 3626
3517 3627
3518 3628
3519 3629
3520 3630
3521 3631
3522 3632
3523 3633
3524 3634
3525 3635
3526 3636
3527 3637
3528 3638
3529 3639
3530 3640
3531 3641
3532 3642
3533 3643
3534 3644
3535 3645
3536 3646
3537 3647
3538 3648
3539 3649
3540 3650
3541 3651
3542 3652
3543 3653
3544 3654
3545 3655
3546 3656
3547 3657
3548 3658
3549 3659
3550 3660
3551 3661
3552 3662
3553 3663
3554 3664
3555 3665
3556 3666
3557 3667
3558 3668
3559 3669
3560 3670
3561 3671
3562 3672
3563 3673
3564 3674
3565 3675
3566 3676
3567 3677
3568 3678
3569 3679
3570 3680
3571 3681
3572 3682
3573 3683
3574 3684
3575 3685
3576 3686
3577 3687
3578 3688
3579 3689
3580 3690
3581 3691
3582 3692
3583 3693
3584 3694
3585 3695
3586 3696
3587 3697
3588 3698
3589 3699
3590 3700
3591 3701
3592 3702
3593 3703
3594 3704
3595 3705
3596 3706
3597 3707
3598 3708
3599 3709
3600 3710
3601 3711
3602 3712
3603 3713
3604 3714
3605 3715
3606 3716
3607 3717
3608 3718
3609 3719
3610 3720
3611 3721
3612 3722
3613 3723
3614 3724
3615 3725
3616 3726
3617 3727
3618 3728
3619 3729
3620 3730
3621 3731
3622 3732
3623 3733
3624 3734
3625 3735
3626 3736
3627 3737
3628 3738
3629 3739
3630 3740
3631 3741
3632 3742
3633 3743
3634 3744
3635 3745
3636 3746
3637 3747
3638 3748
3639 3749
3640 3750
3641 3751
3642 3752
3643 3753
3644 3754
3645 3755
3646 3756
3647 3757
3648 3758
3649 3759
3650 3760
3651 3761
3652 3762
3653 3763
3654 3764
3655 3765
3656 3766
3657 3767
3658 3768
3659 3769
3660 3770
3661 3771
3662 3772
3663 3773
3664 3774
3665 3775
3666 3776
3667 3777
3668 3778
3669 3779
3670 3780
3671 3781
3672 3782
3673 3783
3674 3784
3675 3785
3676 3786
3677 3787
3678 3788
3679 3789
3680 3790
3681 3791
3682 3792
3683 3793
3684 3794
3685 3795
3686 3796
3687 3797
3688 3798
3689 3799
3690 3800
3691 3801
3692 3802
3693 3803
3694 3804
3695 3805
3696 3806
3697 3807
3698 3808
3699 3809
3700 3810
3701 3811
3702 3812
3703 3813
3704 3814
3705 3815
3706 3816
3707 3817
3708 3818
3709 3819
3710 3820
3711 3821
3712 3822
3713 3823
3714 3824
3715 3825
3716 3826
3717 3827
3718 3828
3719 3829
3720 3830
3721 3831
3722 3832
3723 3833
3724 3834
3725 3835
3726 3836
3727 3837
3728 3838
3729 3839
3730 3840
3731 3841
3732 3842
3733 3843
3734 3844
3735 3845
3736 3846
3737 3847
3738 3848
3739 3849
3740 3850
3741 3851
3742 3852
3743 3853
3744 3854
3745 3855
3746 3856
3747 3857
3748 3858
3749 3859
3750 3860
3751 3861
3752 3863
3753 3863
3754 3864
3755 3865
3756 3866
3757 3867
3758 3868
3759 3869
3760 3870
3761 3871
3762 3872
3763 3873
3764 3874
3765 3875
3766 3876
3767 3877
3768 3878
3769 3879
3770 3880
3771 3881
3772 3882
3773 3883
3774 3884
3775 3885
3776 3886
3777 3887
3778 3887
3779 3888
3780 3889
3781 3890
3782 3891
3783 3892
3784 3893
3785 3894
3786 3895
3787 3896
3788 3897
3789 3898
3790 3899
3791 3900
3792 3901
3793 3902
3794 3903
3795 3904
3796 3905
3797 3906
3798 3907
3799 3908
3800 3909
3801 3910
3802 3911
3803 3911
3804 3912
3805 3913
3806 3914
3807 3915
3808 3916
3809 3917
3810 3918
3811 3919
3812 3920
3813 3921
3814 3922
3815 3923
3816 3924
3817 3925
3818 3926
3819 3927
3820 3928
3821 3929
3822 3930
3823 3931
3824 3932
3825 3933
3826 3934
3827 3935
3828 3935
3829 3936
3830 3937
3831 3938
3832 3939
3833 3940
3834 3941
3835 3942
3836 3943
3837 3944
3838 3945
3839 3946
3840 3947
3841 3948
3842 3949
3843 3950
3844 3951
3845 3952
3846 3953
3847 3954
3848 3955
3849 3956
3850 3957
3851 3958
3852 3959
3853 3960
3854 3960
3855 3961
3856 3962
3857 3963
3858 3964
3859 3965
3860 3966
3861 3967
3862 3968
3863 3969
3864 3970
3865 3971
3866 3972
3867 3973
3868 3974
3869 3975
3870 3976
3871 3977
3872 3978
3873 3979
3874 3980
3875 3981
3876 3982
3877 3983
3878 3984
3879 3984
3880 3985
3881 3986
3882 3987
3883 3988
3884 3989
3885 3990
3886 3991
3887 3992
3888 3993
3889 3994
3890 3995
3891 3996
3892 3997
3893 3998
3894 3999
3895 4000
3896 4001
3897 4002
3898 4003
3899 4004
3900 4005
3901 4006
3902 4007
3903 4008
3904 4008
3905 4009
3906 4010
3907 4011
3908 4012
3909 4013
3910 4014
3911 4015
3912 4016
3913 4017
3914 4018
3915 4019
3916 4020
3917 4021
3918 4022
3919 4023
3920 4024
3921 4025
3922 4026
3923 4027
3924 4028
3925 4029
3926 4030
3927 4031
3928 4032
3929 4032
3930 4033
3931 4034
3932 4035
3933 4036
3934 4037
3935 4038
3936 4039
3937 4040
3938 4041
3939 4042
3940 4043
3941 4044
3942 4045
3943 4046
3944 4047
3945 4048
3946 4049
3947 4050
3948 4051
3949 4052
3950 4053
3951 4054
3952 4055
3953 4056
3954 4057
3955 4058
3956 4059
3957 4060
3958 4061
3959 4063
3960 4064
3961 4065
3962 4066
3963 4067
3964 4069
3965 4070
3966 4071
3967 4072
3968 4074
3969 4075
3970 4076
3971 4077
3972 4078
3973 4080
3974 4081
3975 4082
3976 4083
3977 4085
3978 4086
3979 4087
3980 4088
3981 4089
3982 4091
3983 4092
3984 4093
3985 4094
3986 4096
3987 4097
3988 4098
3989 4099
3990 4100
3991 4102
3992 4103
3993 4104
3994 4105
3995 4107
3996 4108
3997 4109
3998 4110
3999 4111
4000 4113
4001 4114
4002 4115
4003 4116
4004 4118
4005 4119
4006 4120
4007 4121
4008 4122
4009 4124
4010 4125
4011 4126
4012 4127
4013 4129
4014 4130
4015 4131
4016 4132
4017 4133
4018 4135
4019 4136
4020 4137
4021 4138
4022 4140
4023 4141
4024 4142
4025 4143
4026 4144
4027 4146
4028 4147
4029 4148
4030 4149
4031 4151
4032 4152
4033 4153
4034 4154
4035 4155
4036 4157
4037 4158
4038 4159
4039 4160
4040 4162
4041 4163
4042 4164
4043 4165
4044 4166
4045 4168
4046 4169
4047 4170
4048 4171
4049 4173
4050 4174
4051 4175
4052 4176
4053 4177
4054 4179
4055 4180
4056 4181
4057 4182
4058 4184
4059 4185
4060 4186
4061 4187
4062 4188
4063 4190
4064 4191
4065 4192
4066 4193
4067 4195
4068 4196
4069 4197
4070 4198
4071 4199
4072 4201
4073 4202
4074 4203
4075 4204
4076 4206
4077 4207
4078 4208
4079 4209
4080 4210
4081 4212
4082 4213
4083 4214
4084 4215
4085 4217
4086 4218
4087 4219
4088 4220
4089 4221
4090 4222
4091 4223
4092 4225
4093 4226
4094 4227
4095 4228
4096 4229
4097 4230
4098 4232
4099 4233
4100 4234
4101 4235
4102 4236
4103 4237
4104 4239
4105 4240
4106 4241
4107 4242
4108 4243
4109 4244
4110 4246
4111 4247
4112 4248
4113 4249
4114 4250
4115 4251
4116 4253
4117 4254
4118 4255
4119 4256
4120 4257
4121 4258
4122 4260
4123 4261
4124 4262
4125 4263
4126 4264
4127 4265
4128 4266
4129 4268
4130 4269
4131 4270
4132 4271
4133 4272
4134 4273
4135 4275
4136 4276
4137 4277
4138 4278
4139 4279
4140 4280
4141 4282
4142 4283
4143 4284
4144 4285
4145 4286
4146 4287
4147 4289
4148 4290
4149 4291
4150 4292
4151 4293
4152 4294
4153 4296
4154 4297
4155 4298
4156 4299
4157 4300
4158 4301
4159 4303
4160 4304
4161 4305
4162 4306
4163 4307
4164 4308
4165 4309
4166 4311
4167 4312
4168 4313
4169 4314
4170 4315
4171 4316
4172 4318
4173 4319
4174 4320
4175 4321
4176 4322
4177 4323
4178 4325
4179 4326
4180 4327
4181 4328
4182 4329
4183 4330
4184 4332
4185 4333
4186 4334
4187 4335
4188 4336
4189 4337
4190 4339
4191 4340
4192 4341
4193 4342
4194 4343
4195 4344
4196 4346
4197 4347
4198 4348
4199 4349
4200 4350
4201 4351
4202 4353
4203 4354
4204 4355
4205 4356
4206 4357
4207 4358
4208 4359
4209 4361
4210 4362
4211 4363
4212 4364
4213 4365
4214 4366
4215 4368
4216 4369
4217 4370
4218 4371
4219 4372
4220 4373
4221 4375
4222 4376
4223 4377
4224 4378
4225 4379
4226 4380
4227 4382
4228 4383
4229 4384
4230 4385
4231 4386
4232 4387
4233 4389
4234 4390
4235 4391
4236 4392
4237 4393
4238 4394
4239 4396
4240 4397
4241 4398
4242 4399
4243 4400
4244 4401
4245 4402
4246 4404
4247 4405
4248 4406
4249 4407
4250 4408
4251 4409
4252 4411
4253 4412
4254 4413
4255 4414
4256 4415
4257 4416
4258 4418
4259 4419
4260 4420
4261 4421
4262 4422
4263 4423
4264 4425
4265 4426
4266 4427
4267 4428
4268 4429
4269 4430
4270 4432
4271 4433
4272 4434
4273 4435
4274 4436
4275 4437
4276 4439
4277 4440
4278 4441
4279 4442
4280 4443
4281 4444
4282 4446
4283 4447
4284 4448
4285 4449
4286 4450
4287 4451
4288 4452
4289 4453
4290 4454
4291 4455
4292 4456
4293 4457
4294 4458
4295 4459
4296 4460
4297 4461
4298 4462
4299 4463
4300 4464
4301 4465
4302 4466
4303 4467
4304 4469
4305 4470
4306 4471
4307 4472
4308 4473
4309 4474
4310 4475
4311 4476
4312 4477
4313 4478
4314 4479
4315 4480
4316 4481
4317 4482
4318 4483
4319 4484
4320 4485
4321 4486
4322 4487
4323 4488
4324 4489
4325 4490
4326 4492
4327 4493
4328 4494
4329 4495
4330 4496
4331 4497
4332 4498
4333 4499
4334 4500
4335 4501
4336 4502
4337 4503
4338 4504
4339 4505
4340 4506
4341 4507
4342 4508
4343 4509
4344 4510
4345 4511
4346 4512
4347 4513
4348 4515
4349 4516
4350 4517
4351 4518
4352 4519
4353 4520
4354 4521
4355 4522
4356 4523
4357 4524
4358 4525
4359 4526
4360 4527
4361 4528
4362 4529
4363 4530
4364 4531
4365 4532
4366 4533
4367 4534
4368 4535
4369 4536
4370 4538
4371 4539
4372 4540
4373 4541
4374 4542
4375 4543
4376 4544
4377 4545
4378 4546
4379 4547
4380 4548
4381 4549
4382 4550
4383 4551
4384 4552
4385 4553
4386 4554
4387 4555
4388 4556
4389 4557
4390 4558
4391 4559
4392 4561
4393 4562
4394 4563
4395 4564
4396 4565
4397 4566
4398 4567
4399 4568
4400 4569
4401 4570
4402 4571
4403 4572
4404 4573
4405 4574
4406 4575
4407 4576
4408 4577
4409 4578
4410 4579
4411 4580
4412 4581
4413 4582
4414 4584
4415 4585
4416 4586
4417 4587
4418 4588
4419 4589
4420 4590
4421 4591
4422 4592
4423 4593
4424 4594
4425 4595
4426 4596
4427 4597
4428 4598
4429 4599
4430 4600
4431 4601
4432 4602
4433 4603
4434 4604
4435 4605
4436 4607
4437 4608
4438 4609
4439 4610
4440 4611
4441 4612
4442 4613
4443 4614
4444 4615
4445 4616
4446 4617
4447 4618
4448 4619
4449 4620
4450 4621
4451 4622
4452 4623
4453 4624
4454 4625
4455 4626
4456 4627
4457 4628
4458 4630
4459 4631
4460 4632
4461 4633
4462 4634
4463 4635
4464 4636
4465 4637
4466 4638
4467 4639
4468 4640
4469 4641
4470 4642
4471 4643
4472 4644
4473 4645
4474 4646
4475 4647
4476 4648
4477 4649
4478 4650
4479 4651
4480 4653
4481 4654
4482 4655
4483 4656
4484 4657
4485 4658
4486 4659
4487 4660
4488 4661
4489 4662
4490 4663
4491 4664
4492 4665
4493 4666
4494 4667
4495 4668
4496 4669
4497 4670
4498 4671
4499 4672
4500 4673
4501 4675
4502 4676
4503 4677
4504 4678
4505 4679
4506 4680
4507 4681
4508 4682
4509 4683
4510 4684
4511 4685
4512 4686
4513 4687
4514 4688
4515 4689
4516 4690
4517 4691
4518 4692
4519 4694
4520 4695
4521 4696
4522 4697
4523 4698
4524 4699
4525 4700
4526 4701
4527 4702
4528 4703
4529 4704
4530 4705
4531 4706
4532 4707
4533 4708
4534 4709
4535 4710
4536 4712
4537 4713
4538 4714
4539 4715
4540 4716
4541 4717
4542 4718
4543 4719
4544 4720
4545 4721
4546 4722
4547 4723
4548 4724
4549 4725
4550 4726
4551 4727
4552 4728
4553 4729
4554 4731
4555 4732
4556 4733
4557 4734
4558 4735
4559 4736
4560 4737
4561 4738
4562 4739
4563 4740
4564 4741
4565 4742
4566 4743
4567 4744
4568 4745
4569 4746
4570 4747
4571 4749
4572 4750
4573 4751
4574 4752
4575 4753
4576 4754
4577 4755
4578 4756
4579 4757
4580 4758
4581 4759
4582 4760
4583 4761
4584 4762
4585 4763
4586 4764
4587 4765
4588 4767
4589 4768
4590 4769
4591 4770
4592 4771
4593 4772
4594 4773
4595 4774
4596 4775
4597 4776
4598 4777
4599 4778
4600 4779
4601 4780
4602 4781
4603 4782
4604 4783
4605 4784
4606 4786
4607 4787
4608 4788
4609 4789
4610 4790
4611 4791
4612 4792
4613 4793
4614 4794
4615 4795
4616 4796
4617 4797
4618 4798
4619 4799
4620 4800
4621 4801
4622 4802
4623 4804
4624 4805
4625 4806
4626 4807
4627 4808
4628 4809
4629 4810
4630 4811
4631 4812
4632 4813
4633 4814
4634 4815
4635 4816
4636 4817
4637 4818
4638 4819
4639 4820
4640 4822
4641 4823
4642 4824
4643 4825
4644 4826
4645 4827
4646 4828
4647 4829
4648 4830
4649 4831
4650 4832
4651 4833
4652 4834
4653 4835
4654 4836
4655 4837
4656 4838
4657 4839
4658 4841
4659 4842
4660 4843
4661 4844
4662 4845
4663 4846
4664 4847
4665 4848
4666 4849
4667 4850
4668 4851
4669 4852
4670 4853
4671 4854
4672 4855
4673 4856
4674 4857
4675 4859
4676 4860
4677 4861
4678 4862
4679 4863
4680 4864
4681 4865
4682 4866
4683 4867
4684 4868
4685 4869
4686 4870
4687 4871
4688 4872
4689 4873
4690 4874
4691 4875
4692 4877
4693 4877
4694 4878
4695 4878
4696 4879
4697 4879
4698 4880
4699 4880
4700 4881
4701 4881
4702 4882
4703 4882
4704 4883
4705 4883
4706 4884
4707 4884
4708 4885
4709 4885
4710 4886
4711 4886
4712 4887
4713 4888
4714 4888
4715 4889
4716 4889
4717 4890
4718 4890
4719 4891
4720 4891
4721 4892
4722 4892
4723 4893
4724 4893
4725 4894
4726 4894
4727 4895
4728 4895
4729 4896
4730 4896
4731 4897
4732 4898
4733 4898
4734 4899
4735 4899
4736 4900
4737 4900
4738 4901
4739 4901
4740 4902
4741 4902
4742 4903
4743 4903
4744 4904
4745 4904
4746 4905
4747 4905
4748 4906
4749 4906
4750 4907
4751 4907
4752 4908
4753 4909
4754 4909
4755 4910
4756 4910
4757 4911
4758 4911
4759 4912
4760 4912
4761 4913
4762 4913
4763 4914
4764 4914
4765 4915
4766 4915
4767 4916
4768 4916
4769 4917
4770 4917
4771 4918
4772 4919
4773 4919
4774 4920
4775 4920
4776 4921
4777 4921
4778 4922
4779 4922
4780 4923
4781 4923
4782 4924
4783 4924
4784 4925
4785 4925
4786 4926
4787 4926
4788 4927
4789 4927
4790 4928
4791 4929
4792 4929
4793 4930
4794 4930
4795 4931
4796 4931
4797 4932
4798 4932
4799 4933
4800 4933
4801 4934
4802 4934
4803 4935
4804 4935
4805 4936
4806 4936
4807 4937
4808 4937
4809 4938
4810 4938
4811 4939
4812 4940
4813 4940
4814 4941
4815 4941
4816 4942
4817 4942
4818 4943
4819 4943
4820 4944
4821 4944
4822 4945
4823 4945
4824 4946
4825 4946
4826 4947
4827 4947
4828 4948
4829 4948
4830 4949
4831 4950
4832 4950
4833 4951
4834 4951
4835 4952
4836 4952
4837 4953
4838 4953
4839 4954
4840 4954
4841 4955
4842 4955
4843 4956
4844 4956
4845 4957
4846 4957
4847 4958
4848 4958
4849 4959
4850 4960
4851 4961
4852 4962
4853 4963
4854 4965
4855 4966
4856 4967
4857 4968
4858 4970
4859 4971
4860 4972
4861 4973
4862 4975
4863 4976
4864 4977
4865 4978
4866 4980
4867 4981
4868 4982
4869 4983
4870 4985
4871 4986
4872 4987
4873 4988
4874 4990
4875 4991
4876 4992
4877 4993
4878 4995
4879 4996
4880 4997
4881 4998
4882 5000
4883 5001
4884 5002
4885 5003
4886 5005
4887 5006
4888 5007
4889 5008
