0 0
1 0
2 1
3 2
4 3
5 3
6 4
7 5
8 6
9 7
10 7
11 8
12 9
13 10
14 11
15 11
16 12
17 13
18 14
19 15
20 15
21 16
22 17
23 18
24 18
25 19
26 20
27 21
28 22
29 22
30 23
31 24
32 25
33 26
34 26
35 27
36 28
37 29
38 30
39 30
40 31
41 32
42 33
43 33
44 34
45 35
46 36
47 37
48 37
49 38
50 39
51 40
52 41
53 41
54 42
55 43
56 44
57 45
58 45
59 46
60 47
61 48
62 48
63 49
64 50
65 51
66 52
67 52
68 53
69 54
70 55
71 56
72 56
73 57
74 58
75 59
76 60
77 60
78 61
79 62
80 63
81 63
82 64
83 65
84 66
85 67
86 67
87 68
88 69
89 70
90 71
91 71
92 72
93 73
94 74
95 75
96 75
97 76
98 77
99 78
100 78
101 79
102 80
103 81
104 82
105 82
106 83
107 84
108 85
109 86
110 86
111 87
112 88
113 89
114 90
115 90
116 91
117 92
118 93
119 93
120 94
121 95
122 96
123 97
124 97
125 98
126 99
127 100
128 101
129 101
130 102
131 103
132 104
133 105
134 105
135 106
136 107
137 108
138 108
139 109
140 110
141 111
142 112
143 112
144 113
145 114
146 115
147 116
148 116
149 117
150 118
151 119
152 120
153 120
154 121
155 122
156 123
157 123
158 124
159 125
160 126
161 127
162 127
163 128
164 129
165 130
166 131
167 131
168 132
169 133
170 134
171 135
172 135
173 136
174 137
175 138
176 138
177 139
178 140
179 141
180 142
181 142
182 143
183 144
184 145
185 146
186 146
187 147
188 148
189 149
190 150
191 150
192 151
193 152
194 153
195 153
196 154
197 155
198 156
199 157
200 157
201 158
202 159
203 160
204 161
205 161
206 162
207 163
208 164
209 165
210 165
211 166
212 167
213 168
214 169
215 170
216 171
217 171
218 172
219 173
220 174
221 175
222 176
223 177
224 178
225 178
226 179
227 180
228 181
229 182
230 183
231 184
232 184
233 185
234 186
235 187
236 188
237 189
238 190
239 191
240 191
241 192
242 193
243 194
244 195
245 196
246 197
247 197
248 198
249 199
250 200
251 201
252 202
253 203
254 204
255 204
256 205
257 206
258 207
259 208
260 209
261 210
262 210
263 211
264 212
265 213
266 214
267 215
268 216
269 217
270 217
271 218
272 219
273 220
274 221
275 222
276 223
277 223
278 224
279 225
280 226
281 227
282 228
283 229
284 230
285 230
286 231
287 232
288 233
289 234
290 235
291 236
292 236
293 237
294 238
295 239
296 240
297 241
298 242
299 243
300 243
301 244
302 245
303 246
304 247
305 248
306 249
307 249
308 250
309 251
310 252
311 253
312 254
313 255
314 256
315 256
316 257
317 258
318 259
319 260
320 261
321 262
322 262
323 263
324 264
325 265
326 266
327 267
328 268
329 269
330 269
331 270
332 271
333 272
334 273
335 274
336 275
337 275
338 276
339 277
340 278
341 279
342 280
343 281
344 282
345 282
346 283
347 284
348 285
349 286
350 287
351 288
352 288
353 289
354 290
355 291
356 292
357 293
358 294
359 295
360 295
361 296
362 297
363 298
364 299
365 300
366 301
367 301
368 302
369 303
370 304
371 305
372 306
373 307
374 308
375 308
376 309
377 310
378 311
379 312
380 313
381 314
382 314
383 315
384 316
385 317
386 318
387 319
388 320
389 321
390 321
391 322
392 323
393 324
394 325
395 326
396 327
397 327
398 328
399 329
400 330
401 331
402 332
403 333
404 334
405 334
406 335
407 336
408 337
409 338
410 339
411 340
412 340
413 341
414 342
415 343
416 344
417 345
418 346
419 347
420 347
421 348
422 349
423 350
424 351
425 352
426 353
427 353
428 354
429 355
430 356
431 357
432 358
433 359
434 360
435 360
436 361
437 362
438 363
439 364
440 365
441 366
442 367
443 367
444 368
445 369
446 370
447 371
448 372
449 373
450 374
451 375
452 376
453 377
454 378
455 379
456 380
457 381
458 382
459 383
460 384
461 385
462 386
463 387
464 387
465 388
466 389
467 390
468 391
469 392
470 393
471 394
472 395
473 396
474 397
475 398
476 399
477 400
478 401
479 402
480 403
481 404
482 405
483 406
484 407
485 408
486 408
487 409
488 410
489 411
490 412
491 413
492 414
493 415
494 416
495 417
496 418
497 419
498 420
499 421
500 422
501 423
502 424
503 425
504 426
505 427
506 428
507 429
508 429
509 430
510 431
511 432
512 433
513 434
514 435
515 436
516 437
517 438
518 439
519 440
520 441
521 442
522 443
523 444
524 445
525 446
526 447
527 448
528 449
529 450
530 450
531 451
532 452
533 453
534 454
535 455
536 456
537 457
538 458
539 459
540 460
541 461
542 462
543 463
544 464
545 465
546 466
547 467
548 468
549 469
550 470
551 471
552 471
553 472
554 473
555 474
556 475
557 476
558 477
559 478
560 479
561 480
562 481
563 482
564 483
565 484
566 485
567 486
568 487
569 488
570 489
571 490
572 491
573 492
574 492
575 493
576 494
577 495
578 496
579 497
580 498
581 499
582 500
583 501
584 502
585 503
586 504
587 505
588 506
589 507
590 508
591 509
592 510
593 511
594 512
595 512
596 513
597 514
598 515
599 516
600 517
601 518
602 519
603 520
604 521
605 522
606 523
607 524
608 525
609 526
610 527
611 528
612 529
613 530
614 531
615 532
616 533
617 533
618 534
619 535
620 536
621 537
622 538
623 539
624 540
625 541
626 542
627 543
628 544
629 545
630 546
631 547
632 548
633 549
634 550
635 551
636 552
637 553
638 554
639 554
640 555
641 556
642 557
643 558
644 559
645 560
646 561
647 562
648 563
649 564
650 565
651 566
652 567
653 568
654 569
655 570
656 571
657 572
658 573
659 574
660 575
661 575
662 576
663 577
664 578
665 579
666 580
667 581
668 582
669 583
670 584
671 585
672 586
673 587
674 588
675 589
676 590
677 591
678 592
679 593
680 594
681 595
682 596
683 596
684 597
685 598
686 599
687 600
688 601
689 602
690 603
691 604
692 605
693 606
694 607
695 608
696 609
697 610
698 611
699 612
700 613
701 614
702 615
703 616
704 617
705 617
706 618
707 619
708 620
709 621
710 622
711 623
712 624
713 625
714 626
715 627
716 628
717 629
718 630
719 631
720 632
721 633
722 634
723 635
724 636
725 637
726 638
727 638
728 639
729 640
730 641
731 642
732 643
733 644
734 645
735 646
736 647
737 648
738 649
739 650
740 651
741 652
742 653
743 654
744 655
745 656
746 657
747 658
748 659
749 660
750 661
751 662
752 663
753 664
754 665
755 666
756 667
757 668
758 669
759 670
760 671
761 672
762 673
763 674
764 675
765 676
766 677
767 678
768 679
769 680
770 681
771 682
772 683
773 684
774 685
775 686
776 687
777 688
778 689
779 690
780 691
781 692
782 693
783 694
784 695
785 696
786 697
787 698
788 699
789 700
790 701
791 702
792 703
793 704
794 705
795 706
796 707
797 708
798 709
799 710
800 711
801 712
802 713
803 714
804 715
805 716
806 717
807 718
808 719
809 720
810 721
811 722
812 723
813 724
814 725
815 726
816 727
817 728
818 729
819 730
820 731
821 732
822 733
823 734
824 735
825 736
826 737
827 738
828 739
829 740
830 741
831 742
832 743
833 744
834 745
835 746
836 747
837 748
838 749
839 750
840 751
841 752
842 753
843 754
844 755
845 756
846 757
847 758
848 759
849 760
850 761
851 762
852 763
853 764
854 765
855 766
856 767
857 768
858 769
859 770
860 771
861 772
862 773
863 774
864 775
865 776
866 777
867 778
868 779
869 780
870 781
871 782
872 783
873 784
874 785
875 786
876 787
877 788
878 789
879 790
880 791
881 792
882 793
883 794
884 795
885 795
886 796
887 797
888 798
889 799
890 800
891 801
892 802
893 803
894 804
895 805
896 806
897 807
898 808
899 809
900 810
901 811
902 812
903 813
904 814
905 815
906 816
907 817
908 818
909 819
910 820
911 821
912 822
913 823
914 824
915 825
916 826
917 827
918 828
919 829
920 830
921 831
922 832
923 833
924 834
925 835
926 836
927 837
928 838
929 839
930 840
931 841
932 842
933 843
934 844
935 845
936 846
937 847
938 848
939 849
940 850
941 851
942 852
943 853
944 854
945 855
946 856
947 857
948 858
949 859
950 860
951 861
952 862
953 863
954 864
955 865
956 866
957 867
958 868
959 869
960 870
961 871
962 872
963 873
964 874
965 875
966 876
967 877
968 878
969 879
970 880
971 881
972 882
973 883
974 884
975 885
976 886
977 887
978 888
979 889
980 890
981 891
982 892
983 893
984 894
985 895
986 896
987 897
988 898
989 899
990 900
991 901
992 902
993 903
994 904
995 905
996 906
997 907
998 908
999 909
1000 910
1001 911
1002 912
1003 913
1004 914
1005 915
1006 916
1007 917
1008 918
1009 919
1010 920
1011 921
1012 922
1013 923
1014 924
1015 925
1016 926
1017 927
1018 928
1019 929
1020 930
1021 931
1022 932
1023 933
1024 934
1025 935
1026 936
1027 937
1028 938
1029 939
1030 940
1031 941
1032 942
1033 943
1034 944
1035 945
1036 946
1037 947
1038 948
1039 949
1040 950
1041 951
1042 952
1043 953
1044 953
1045 954
1046 955
1047 956
1048 957
1049 958
1050 959
1051 960
1052 961
1053 962
1054 963
1055 964
1056 964
1057 965
1058 966
1059 967
1060 968
1061 969
1062 970
1063 971
1064 972
1065 973
1066 974
1067 975
1068 976
1069 976
1070 977
1071 978
1072 979
1073 980
1074 981
1075 982
1076 983
1077 984
1078 985
1079 986
1080 987
1081 987
1082 988
1083 989
1084 990
1085 991
1086 992
1087 993
1088 994
1089 995
1090 996
1091 997
1092 998
1093 999
1094 999
1095 1000
1096 1001
1097 1002
1098 1003
1099 1004
1100 1005
1101 1006
1102 1007
1103 1008
1104 1009
1105 1010
1106 1011
1107 1011
1108 1012
1109 1013
1110 1014
1111 1015
1112 1016
1113 1017
1114 1018
1115 1019
1116 1020
1117 1021
1118 1022
1119 1022
1120 1023
1121 1024
1122 1025
1123 1026
1124 1027
1125 1028
1126 1029
1127 1030
1128 1031
1129 1032
1130 1033
1131 1034
1132 1034
1133 1035
1134 1036
1135 1037
1136 1038
1137 1039
1138 1040
1139 1041
1140 1042
1141 1043
1142 1044
1143 1045
1144 1046
1145 1046
1146 1047
1147 1048
1148 1049
1149 1050
1150 1051
1151 1052
1152 1053
1153 1054
1154 1055
1155 1056
1156 1057
1157 1057
1158 1058
1159 1059
1160 1060
1161 1061
1162 1062
1163 1063
1164 1064
1165 1065
1166 1066
1167 1067
1168 1068
1169 1069
1170 1069
1171 1070
1172 1071
1173 1072
1174 1073
1175 1074
1176 1075
1177 1076
1178 1077
1179 1078
1180 1079
1181 1080
1182 1080
1183 1081
1184 1082
1185 1083
1186 1084
1187 1085
1188 1086
1189 1087
1190 1088
1191 1089
1192 1090
1193 1091
1194 1092
1195 1092
1196 1093
1197 1094
1198 1095
1199 1096
1200 1097
1201 1098
1202 1099
1203 1100
1204 1101
1205 1102
1206 1103
1207 1104
1208 1104
1209 1105
1210 1106
1211 1107
1212 1108
1213 1109
1214 1110
1215 1111
1216 1112
1217 1113
1218 1114
1219 1115
1220 1115
1221 1116
1222 1117
1223 1118
1224 1119
1225 1120
1226 1121
1227 1122
1228 1123
1229 1124
1230 1125
1231 1126
1232 1127
1233 1127
1234 1128
1235 1129
1236 1130
1237 1131
1238 1132
1239 1133
1240 1134
1241 1135
1242 1136
1243 1137
1244 1138
1245 1139
1246 1139
1247 1140
1248 1141
1249 1142
1250 1143
1251 1144
1252 1145
1253 1146
1254 1147
1255 1148
1256 1149
1257 1150
1258 1150
1259 1151
1260 1152
1261 1153
1262 1154
1263 1155
1264 1156
1265 1157
1266 1158
1267 1159
1268 1160
1269 1161
1270 1162
1271 1162
1272 1163
1273 1164
1274 1165
1275 1166
1276 1167
1277 1168
1278 1169
1279 1170
1280 1171
1281 1172
1282 1173
1283 1174
1284 1174
1285 1175
1286 1176
1287 1177
1288 1178
1289 1178
1290 1179
1291 1180
1292 1181
1293 1182
1294 1182
1295 1183
1296 1184
1297 1185
1298 1186
1299 1186
1300 1187
1301 1188
1302 1189
1303 1190
1304 1190
1305 1191
1306 1192
1307 1193
1308 1194
1309 1194
1310 1195
1311 1196
1312 1197
1313 1198
1314 1198
1315 1199
1316 1200
1317 1201
1318 1202
1319 1202
1320 1203
1321 1204
1322 1205
1323 1206
1324 1206
1325 1207
1326 1208
1327 1209
1328 1210
1329 1210
1330 1211
1331 1212
1332 1213
1333 1214
1334 1214
1335 1215
1336 1216
1337 1217
1338 1218
1339 1218
1340 1219
1341 1220
1342 1221
1343 1222
1344 1222
1345 1223
1346 1224
1347 1225
1348 1226
1349 1226
1350 1227
1351 1228
1352 1229
1353 1230
1354 1230
1355 1231
1356 1232
1357 1233
1358 1234
1359 1234
1360 1235
1361 1236
1362 1237
1363 1238
1364 1238
1365 1239
1366 1240
1367 1241
1368 1242
1369 1242
1370 1243
1371 1244
1372 1245
1373 1246
1374 1246
1375 1247
1376 1248
1377 1249
1378 1250
1379 1250
1380 1251
1381 1252
1382 1253
1383 1254
1384 1255
1385 1255
1386 1256
1387 1257
1388 1258
1389 1259
1390 1259
1391 1260
1392 1261
1393 1262
1394 1263
1395 1263
1396 1264
1397 1265
1398 1266
1399 1267
1400 1267
1401 1268
1402 1269
1403 1270
1404 1271
1405 1271
1406 1272
1407 1273
1408 1274
1409 1275
1410 1275
1411 1276
1412 1277
1413 1278
1414 1279
1415 1279
1416 1280
1417 1281
1418 1282
1419 1283
1420 1283
1421 1284
1422 1285
1423 1286
1424 1287
1425 1287
1426 1288
1427 1289
1428 1290
1429 1291
1430 1291
1431 1292
1432 1293
1433 1294
1434 1295
1435 1295
1436 1296
1437 1297
1438 1298
1439 1299
1440 1299
1441 1300
1442 1301
1443 1302
1444 1303
1445 1303
1446 1304
1447 1305
1448 1306
1449 1307
1450 1307
1451 1308
1452 1309
1453 1310
1454 1311
1455 1311
1456 1312
1457 1313
1458 1314
1459 1315
1460 1315
1461 1316
1462 1317
1463 1318
1464 1319
1465 1319
1466 1320
1467 1321
1468 1322
1469 1323
1470 1323
1471 1324
1472 1325
1473 1326
1474 1327
1475 1327
1476 1328
1477 1329
1478 1330
1479 1331
1480 1331
1481 1332
1482 1333
1483 1334
1484 1335
1485 1336
1486 1336
1487 1337
1488 1338
1489 1339
1490 1340
1491 1341
1492 1342
1493 1343
1494 1344
1495 1345
1496 1346
1497 1347
1498 1348
1499 1348
1500 1349
1501 1350
1502 1351
1503 1352
1504 1353
1505 1354
1506 1355
1507 1356
1508 1357
1509 1358
1510 1359
1511 1360
1512 1361
1513 1361
1514 1362
1515 1363
1516 1364
1517 1365
1518 1366
1519 1367
1520 1368
1521 1369
1522 1370
1523 1371
1524 1372
1525 1373
1526 1374
1527 1374
1528 1375
1529 1376
1530 1377
1531 1378
1532 1379
1533 1380
1534 1381
1535 1382
1536 1383
1537 1384
1538 1385
1539 1386
1540 1386
1541 1387
1542 1388
1543 1389
1544 1390
1545 1391
1546 1392
1547 1393
1548 1394
1549 1395
1550 1396
1551 1397
1552 1398
1553 1399
1554 1399
1555 1400
1556 1401
1557 1402
1558 1403
1559 1404
1560 1405
1561 1406
1562 1407
1563 1408
1564 1409
1565 1410
1566 1411
1567 1412
1568 1412
1569 1413
1570 1414
1571 1415
1572 1416
1573 1417
1574 1418
1575 1419
1576 1420
1577 1421
1578 1422
1579 1423
1580 1424
1581 1424
1582 1425
1583 1426
1584 1427
1585 1428
1586 1429
1587 1430
1588 1431
1589 1432
1590 1433
1591 1434
1592 1435
1593 1436
1594 1437
1595 1437
1596 1438
1597 1439
1598 1440
1599 1441
1600 1442
1601 1443
1602 1444
1603 1445
1604 1446
1605 1447
1606 1448
1607 1449
1608 1450
1609 1450
1610 1451
1611 1452
1612 1453
1613 1454
1614 1455
1615 1456
1616 1457
1617 1458
1618 1459
1619 1460
1620 1461
1621 1462
1622 1462
1623 1463
1624 1464
1625 1465
1626 1466
1627 1467
1628 1468
1629 1469
1630 1470
1631 1471
1632 1472
1633 1473
1634 1474
1635 1475
1636 1475
1637 1476
1638 1477
1639 1478
1640 1479
1641 1480
1642 1481
1643 1482
1644 1483
1645 1484
1646 1485
1647 1486
1648 1487
1649 1488
1650 1488
1651 1489
1652 1490
1653 1491
1654 1492
1655 1493
1656 1494
1657 1495
1658 1496
1659 1497
1660 1498
1661 1499
1662 1500
1663 1500
1664 1501
1665 1502
1666 1503
1667 1504
1668 1505
1669 1506
1670 1507
1671 1508
1672 1509
1673 1510
1674 1511
1675 1512
1676 1513
1677 1513
1678 1514
1679 1515
1680 1516
1681 1517
1682 1518
1683 1519
1684 1520
1685 1521
1686 1522
1687 1523
1688 1524
1689 1525
1690 1526
1691 1526
1692 1527
1693 1528
1694 1529
1695 1530
1696 1531
1697 1532
1698 1532
1699 1533
1700 1534
1701 1535
1702 1536
1703 1537
1704 1538
1705 1539
1706 1539
1707 1540
1708 1541
1709 1542
1710 1543
1711 1544
1712 1545
1713 1546
1714 1546
1715 1547
1716 1548
1717 1549
1718 1550
1719 1551
1720 1552
1721 1553
1722 1553
1723 1554
1724 1555
1725 1556
1726 1557
1727 1558
1728 1559
1729 1560
1730 1560
1731 1561
1732 1562
1733 1563
1734 1564
1735 1565
1736 1566
1737 1567
1738 1567
1739 1568
1740 1569
1741 1570
1742 1571
1743 1572
1744 1573
1745 1573
1746 1574
1747 1575
1748 1576
1749 1577
1750 1578
1751 1579
1752 1580
1753 1580
1754 1581
1755 1582
1756 1583
1757 1584
1758 1585
1759 1586
1760 1587
1761 1587
1762 1588
1763 1589
1764 1590
1765 1591
1766 1592
1767 1593
1768 1594
1769 1594
1770 1595
1771 1596
1772 1597
1773 1598
1774 1599
1775 1600
1776 1601
1777 1601
1778 1602
1779 1603
1780 1604
1781 1605
1782 1606
1783 1607
1784 1608
1785 1608
1786 1609
1787 1610
1788 1611
1789 1612
1790 1613
1791 1614
1792 1614
1793 1615
1794 1616
1795 1617
1796 1618
1797 1619
1798 1620
1799 1621
1800 1621
1801 1622
1802 1623
1803 1624
1804 1625
1805 1626
1806 1627
1807 1628
1808 1628
1809 1629
1810 1630
1811 1631
1812 1632
1813 1633
1814 1634
1815 1635
1816 1635
1817 1636
1818 1637
1819 1638
1820 1639
1821 1640
1822 1641
1823 1642
1824 1642
1825 1643
1826 1644
1827 1645
1828 1646
1829 1647
1830 1648
1831 1649
1832 1649
1833 1650
1834 1651
1835 1652
1836 1653
1837 1654
1838 1655
1839 1656
1840 1657
1841 1658
1842 1659
1843 1660
1844 1661
1845 1662
1846 1664
1847 1665
1848 1666
1849 1667
1850 1668
1851 1669
1852 1671
1853 1672
1854 1673
1855 1674
1856 1675
1857 1676
1858 1678
1859 1679
1860 1680
1861 1681
1862 1682
1863 1683
1864 1685
1865 1686
1866 1687
1867 1688
1868 1689
1869 1690
1870 1691
1871 1693
1872 1694
1873 1695
1874 1696
1875 1697
1876 1698
1877 1700
1878 1701
1879 1702
1880 1703
1881 1704
1882 1705
1883 1707
1884 1708
1885 1709
1886 1710
1887 1711
1888 1712
1889 1714
1890 1715
1891 1716
1892 1717
1893 1718
1894 1719
1895 1720
1896 1722
1897 1723
1898 1724
1899 1725
1900 1726
1901 1727
1902 1729
1903 1730
1904 1731
1905 1732
1906 1733
1907 1734
1908 1736
1909 1737
1910 1738
1911 1739
1912 1740
1913 1741
1914 1743
1915 1744
1916 1745
1917 1746
1918 1747
1919 1748
1920 1749
1921 1751
1922 1752
1923 1753
1924 1754
1925 1755
1926 1756
1927 1758
1928 1759
1929 1760
1930 1761
1931 1762
1932 1763
1933 1765
1934 1766
1935 1767
1936 1768
1937 1769
1938 1770
1939 1772
1940 1773
1941 1774
1942 1775
1943 1776
1944 1777
1945 1778
1946 1780
1947 1781
1948 1782
1949 1783
1950 1784
1951 1785
1952 1787
1953 1788
1954 1789
1955 1790
1956 1791
1957 1792
1958 1794
1959 1795
1960 1796
1961 1797
1962 1798
1963 1799
1964 1801
1965 1802
1966 1803
1967 1804
1968 1805
1969 1806
1970 1808
1971 1808
1972 1809
1973 1810
1974 1811
1975 1812
1976 1813
1977 1814
1978 1815
1979 1815
1980 1816
1981 1817
1982 1818
1983 1819
1984 1820
1985 1821
1986 1822
1987 1823
1988 1823
1989 1824
1990 1825
1991 1826
1992 1827
1993 1828
1994 1829
1995 1830
1996 1830
1997 1831
1998 1832
1999 1833
2000 1834
2001 1835
2002 1836
2003 1837
2004 1838
2005 1838
2006 1839
2007 1840
2008 1841
2009 1842
2010 1843
2011 1844
2012 1845
2013 1845
2014 1846
2015 1847
2016 1848
2017 1849
2018 1850
2019 1851
2020 1852
2021 1853
2022 1853
2023 1854
2024 1855
2025 1856
2026 1857
2027 1858
2028 1859
2029 1860
2030 1860
2031 1861
2032 1862
2033 1863
2034 1864
2035 1865
2036 1866
2037 1867
2038 1868
2039 1868
2040 1869
2041 1870
2042 1871
2043 1872
2044 1873
2045 1874
2046 1875
2047 1875
2048 1876
2049 1877
2050 1878
2051 1879
2052 1880
2053 1881
2054 1882
2055 1883
2056 1883
2057 1884
2058 1885
2059 1886
2060 1887
2061 1888
2062 1889
2063 1890
2064 1890
2065 1891
2066 1892
2067 1893
2068 1894
2069 1895
2070 1896
2071 1897
2072 1898
2073 1898
2074 1899
2075 1900
2076 1901
2077 1902
2078 1903
2079 1904
2080 1905
2081 1905
2082 1906
2083 1907
2084 1908
2085 1909
2086 1910
2087 1911
2088 1912
2089 1913
2090 1913
2091 1914
2092 1915
2093 1916
2094 1917
2095 1918
2096 1919
2097 1920
2098 1920
2099 1921
2100 1922
2101 1923
2102 1924
2103 1925
2104 1926
2105 1927
2106 1928
2107 1928
2108 1929
2109 1930
2110 1931
2111 1932
2112 1933
2113 1934
2114 1935
2115 1936
2116 1937
2117 1938
2118 1939
2119 1940
2120 1941
2121 1942
2122 1943
2123 1944
2124 1945
2125 1946
2126 1947
2127 1948
2128 1949
2129 1951
2130 1952
2131 1953
2132 1954
2133 1955
2134 1956
2135 1957
2136 1958
2137 1959
2138 1960
2139 1961
2140 1962
2141 1963
2142 1965
2143 1966
2144 1967
2145 1968
2146 1969
2147 1970
2148 1971
2149 1972
2150 1973
2151 1974
2152 1975
2153 1976
2154 1977
2155 1979
2156 1980
2157 1981
2158 1982
2159 1983
2160 1984
2161 1985
2162 1986
2163 1987
2164 1988
2165 1989
2166 1990
2167 1991
2168 1993
2169 1994
2170 1995
2171 1996
2172 1997
2173 1998
2174 1999
2175 2000
2176 2001
2177 2002
2178 2003
2179 2004
2180 2005
2181 2006
2182 2008
2183 2009
2184 2010
2185 2011
2186 2012
2187 2013
2188 2014
2189 2015
2190 2016
2191 2017
2192 2018
2193 2019
2194 2020
2195 2022
2196 2023
2197 2024
2198 2025
2199 2026
2200 2027
2201 2028
2202 2029
2203 2030
2204 2031
2205 2032
2206 2033
2207 2034
2208 2036
2209 2037
2210 2038
2211 2039
2212 2040
2213 2041
2214 2042
2215 2043
2216 2044
2217 2045
2218 2046
2219 2047
2220 2048
2221 2050
2222 2050
2223 2051
2224 2052
2225 2053
2226 2054
2227 2054
2228 2055
2229 2056
2230 2057
2231 2058
2232 2058
2233 2059
2234 2060
2235 2061
2236 2062
2237 2062
2238 2063
2239 2064
2240 2065
2241 2066
2242 2066
2243 2067
2244 2068
2245 2069
2246 2070
2247 2071
2248 2071
2249 2072
2250 2073
2251 2074
2252 2075
2253 2075
2254 2076
2255 2077
2256 2078
2257 2079
2258 2079
2259 2080
2260 2081
2261 2082
2262 2083
2263 2083
2264 2084
2265 2085
2266 2086
2267 2087
2268 2088
2269 2088
2270 2089
2271 2090
2272 2091
2273 2092
2274 2092
2275 2093
2276 2094
2277 2095
2278 2096
2279 2096
2280 2097
2281 2098
2282 2099
2283 2100
2284 2100
2285 2101
2286 2102
2287 2103
2288 2104
2289 2105
2290 2105
2291 2106
2292 2107
2293 2108
2294 2109
2295 2109
2296 2110
2297 2111
2298 2112
2299 2113
2300 2113
2301 2114
2302 2115
2303 2116
2304 2117
2305 2117
2306 2118
2307 2119
2308 2120
2309 2121
2310 2121
2311 2122
2312 2123
2313 2124
2314 2125
2315 2126
2316 2126
2317 2127
2318 2128
2319 2129
2320 2130
2321 2130
2322 2131
2323 2132
2324 2133
2325 2134
2326 2134
2327 2135
2328 2136
2329 2137
2330 2138
2331 2138
2332 2139
2333 2140
2334 2141
2335 2142
2336 2143
2337 2143
2338 2144
2339 2145
2340 2146
2341 2147
2342 2147
2343 2148
2344 2149
2345 2150
2346 2151
2347 2151
2348 2152
2349 2153
2350 2154
2351 2155
2352 2155
2353 2156
2354 2157
2355 2158
2356 2159
2357 2160
2358 2160
2359 2161
2360 2162
2361 2163
2362 2164
2363 2164
2364 2165
2365 2166
2366 2167
2367 2168
2368 2168
2369 2169
2370 2170
2371 2171
2372 2172
2373 2172
2374 2173
2375 2174
2376 2175
2377 2176
2378 2177
2379 2177
2380 2178
2381 2179
2382 2180
2383 2181
2384 2182
2385 2183
2386 2184
2387 2185
2388 2186
2389 2187
2390 2188
2391 2189
2392 2190
2393 2191
2394 2192
2395 2193
2396 2194
2397 2195
2398 2196
2399 2197
2400 2198
2401 2199
2402 2200
2403 2201
2404 2202
2405 2203
2406 2204
2407 2205
2408 2206
2409 2207
2410 2208
2411 2209
2412 2210
2413 2211
2414 2212
2415 2213
2416 2214
2417 2215
2418 2216
2419 2217
2420 2218
2421 2219
2422 2220
2423 2221
2424 2222
2425 2223
2426 2224
2427 2225
2428 2226
2429 2227
2430 2228
2431 2229
2432 2230
2433 2231
2434 2232
2435 2233
2436 2234
2437 2235
2438 2236
2439 2237
2440 2238
2441 2239
2442 2240
2443 2241
2444 2242
2445 2243
2446 2244
2447 2245
2448 2246
2449 2247
2450 2248
2451 2249
2452 2250
2453 2251
2454 2252
2455 2253
2456 2254
2457 2254
2458 2255
2459 2256
2460 2257
2461 2258
2462 2259
2463 2260
2464 2261
2465 2262
2466 2263
2467 2264
2468 2265
2469 2266
2470 2267
2471 2268
2472 2269
2473 2270
2474 2271
2475 2272
2476 2273
2477 2274
2478 2275
2479 2276
2480 2277
2481 2278
2482 2279
2483 2280
2484 2281
2485 2282
2486 2283
2487 2284
2488 2285
2489 2286
2490 2287
2491 2288
2492 2289
2493 2290
2494 2291
2495 2292
2496 2293
2497 2294
2498 2295
2499 2296
2500 2297
2501 2298
2502 2299
2503 2300
2504 2301
2505 2302
2506 2303
2507 2304
2508 2305
2509 2306
2510 2307
2511 2308
2512 2309
2513 2310
2514 2311
2515 2312
2516 2313
2517 2314
2518 2315
2519 2316
2520 2317
2521 2318
2522 2319
2523 2320
2524 2321
2525 2322
2526 2323
2527 2324
2528 2325
2529 2326
2530 2327
2531 2328
2532 2329
2533 2330
2534 2331
2535 2331
2536 2332
2537 2333
2538 2334
2539 2335
2540 2336
2541 2337
2542 2338
2543 2339
2544 2340
2545 2341
2546 2342
2547 2343
2548 2344
2549 2345
2550 2346
2551 2347
2552 2348
2553 2349
2554 2350
2555 2351
2556 2352
2557 2353
2558 2354
2559 2355
2560 2356
2561 2357
2562 2358
2563 2359
2564 2360
2565 2361
2566 2362
2567 2363
2568 2364
2569 2365
2570 2366
2571 2367
2572 2368
2573 2369
2574 2370
2575 2371
2576 2372
2577 2373
2578 2374
2579 2375
2580 2376
2581 2377
2582 2378
2583 2379
2584 2380
2585 2381
2586 2382
2587 2383
2588 2384
2589 2385
2590 2386
2591 2387
2592 2388
2593 2389
2594 2390
2595 2391
2596 2392
2597 2393
2598 2394
2599 2395
2600 2396
2601 2397
2602 2398
2603 2399
2604 2400
2605 2401
2606 2402
2607 2403
2608 2404
2609 2405
2610 2406
2611 2407
2612 2408
2613 2408
2614 2409
2615 2410
2616 2411
2617 2412
2618 2413
2619 2414
2620 2415
2621 2416
2622 2417
2623 2418
2624 2419
2625 2420
2626 2421
2627 2422
2628 2423
2629 2424
2630 2425
2631 2426
2632 2427
2633 2428
2634 2429
2635 2430
2636 2431
2637 2432
2638 2433
2639 2434
2640 2435
2641 2436
2642 2437
2643 2438
2644 2439
2645 2440
2646 2441
2647 2442
2648 2443
2649 2444
2650 2445
2651 2446
2652 2447
2653 2448
2654 2449
2655 2450
2656 2451
2657 2452
2658 2453
2659 2454
2660 2455
2661 2456
2662 2457
2663 2458
2664 2459
2665 2460
2666 2461
2667 2462
2668 2463
2669 2464
2670 2465
2671 2466
2672 2467
2673 2468
2674 2469
2675 2470
2676 2471
2677 2472
2678 2473
2679 2474
2680 2475
2681 2476
2682 2477
2683 2478
2684 2479
2685 2480
2686 2481
2687 2482
2688 2483
2689 2484
2690 2485
2691 2485
2692 2486
2693 2487
2694 2488
2695 2489
2696 2489
2697 2490
2698 2491
2699 2492
2700 2493
2701 2493
2702 2494
2703 2495
2704 2496
2705 2497
2706 2497
2707 2498
2708 2499
2709 2500
2710 2501
2711 2501
2712 2502
2713 2503
2714 2504
2715 2505
2716 2505
2717 2506
2718 2507
2719 2508
2720 2509
2721 2510
2722 2510
2723 2511
2724 2512
2725 2513
2726 2514
2727 2514
2728 2515
2729 2516
2730 2517
2731 2518
2732 2518
2733 2519
2734 2520
2735 2521
2736 2522
2737 2522
2738 2523
2739 2524
2740 2525
2741 2526
2742 2526
2743 2527
2744 2528
2745 2529
2746 2530
2747 2531
2748 2531
2749 2532
2750 2533
2751 2534
2752 2535
2753 2535
2754 2536
2755 2537
2756 2538
2757 2539
2758 2539
2759 2540
2760 2541
2761 2542
2762 2543
2763 2543
2764 2544
2765 2545
2766 2546
2767 2547
2768 2547
2769 2548
2770 2549
2771 2550
2772 2551
2773 2551
2774 2552
2775 2553
2776 2554
2777 2555
2778 2556
2779 2556
2780 2557
2781 2558
2782 2559
2783 2560
2784 2560
2785 2561
2786 2562
2787 2563
2788 2564
2789 2564
2790 2565
2791 2566
2792 2567
2793 2568
2794 2568
2795 2569
2796 2570
2797 2571
2798 2572
2799 2572
2800 2573
2801 2574
2802 2575
2803 2576
2804 2577
2805 2577
2806 2578
2807 2579
2808 2580
2809 2581
2810 2582
2811 2583
2812 2584
2813 2585
2814 2586
2815 2587
2816 2588
2817 2589
2818 2590
2819 2591
2820 2592
2821 2593
2822 2594
2823 2595
2824 2596
2825 2597
2826 2598
2827 2599
2828 2600
2829 2601
2830 2602
2831 2603
2832 2604
2833 2605
2834 2606
2835 2607
2836 2608
2837 2609
2838 2610
2839 2611
2840 2612
2841 2613
2842 2614
2843 2615
2844 2616
2845 2617
2846 2618
2847 2619
2848 2620
2849 2621
2850 2622
2851 2623
2852 2624
2853 2625
2854 2626
2855 2627
2856 2628
2857 2629
2858 2630
2859 2631
2860 2632
2861 2633
2862 2634
2863 2635
2864 2636
2865 2637
2866 2638
2867 2639
2868 2640
2869 2641
2870 2642
2871 2643
2872 2644
2873 2645
2874 2646
2875 2647
2876 2648
2877 2649
2878 2650
2879 2651
2880 2652
2881 2653
2882 2654
2883 2655
2884 2656
2885 2657
2886 2658
2887 2659
2888 2660
2889 2661
2890 2662
2891 2663
2892 2664
2893 2665
2894 2666
2895 2667
2896 2668
2897 2669
2898 2670
2899 2671
2900 2672
2901 2673
2902 2674
2903 2675
2904 2676
2905 2677
2906 2678
2907 2679
2908 2680
2909 2681
2910 2682
2911 2683
2912 2684
2913 2685
2914 2686
2915 2687
2916 2688
2917 2689
2918 2690
2919 2691
2920 2692
2921 2693
2922 2694
2923 2695
2924 2696
2925 2697
2926 2698
2927 2699
2928 2700
2929 2701
2930 2702
2931 2703
2932 2704
2933 2705
2934 2706
2935 2707
2936 2708
2937 2709
2938 2710
2939 2711
2940 2712
2941 2713
2942 2714
2943 2715
2944 2716
2945 2717
2946 2718
2947 2719
2948 2720
2949 2721
2950 2722
2951 2723
2952 2724
2953 2725
2954 2726
2955 2727
2956 2728
2957 2729
2958 2730
2959 2731
2960 2732
2961 2732
2962 2733
2963 2734
2964 2734
2965 2735
2966 2736
2967 2737
2968 2737
2969 2738
2970 2739
2971 2739
2972 2740
2973 2741
2974 2742
2975 2742
2976 2743
2977 2744
2978 2744
2979 2745
2980 2746
2981 2747
2982 2747
2983 2748
2984 2749
2985 2749
2986 2750
2987 2751
2988 2752
2989 2752
2990 2753
2991 2754
2992 2754
2993 2755
2994 2756
2995 2757
2996 2757
2997 2758
2998 2759
2999 2760
3000 2760
3001 2761
3002 2762
3003 2762
3004 2763
3005 2764
3006 2765
3007 2765
3008 2766
3009 2767
3010 2767
3011 2768
3012 2769
3013 2770
3014 2770
3015 2771
3016 2772
3017 2772
3018 2773
3019 2774
3020 2775
3021 2775
3022 2776
3023 2777
3024 2777
3025 2778
3026 2779
3027 2780
3028 2780
3029 2781
3030 2782
3031 2783
3032 2783
3033 2784
3034 2785
3035 2785
3036 2786
3037 2787
3038 2788
3039 2788
3040 2789
3041 2790
3042 2790
3043 2791
3044 2792
3045 2793
3046 2793
3047 2794
3048 2795
3049 2795
3050 2796
3051 2797
3052 2798
3053 2798
3054 2799
3055 2800
3056 2800
3057 2801
3058 2802
3059 2803
3060 2803
3061 2804
3062 2805
3063 2806
3064 2807
3065 2808
3066 2809
3067 2810
3068 2811
3069 2813
3070 2814
3071 2815
3072 2816
3073 2817
3074 2819
3075 2820
3076 2821
3077 2822
3078 2823
3079 2824
3080 2826
3081 2827
3082 2828
3083 2829
3084 2830
3085 2832
3086 2833
3087 2834
3088 2835
3089 2836
3090 2837
3091 2839
3092 2840
3093 2841
3094 2842
3095 2843
