0 0
1 0
2 1
3 2
4 3
5 3
6 4
7 5
8 6
9 6
10 7
11 8
12 9
13 9
14 10
15 11
16 12
17 12
18 13
19 14
20 15
21 15
22 16
23 17
24 18
25 18
26 19
27 20
28 21
29 21
30 22
31 23
32 24
33 24
34 25
35 26
36 27
37 28
38 28
39 29
40 30
41 31
42 31
43 32
44 33
45 34
46 34
47 35
48 36
49 37
50 37
51 38
52 39
53 40
54 40
55 41
56 42
57 43
58 43
59 44
60 45
61 46
62 46
63 47
64 48
65 49
66 49
67 50
68 51
69 52
70 53
71 53
72 54
73 55
74 56
75 56
76 57
77 58
78 59
79 59
80 60
81 61
82 62
83 62
84 63
85 64
86 65
87 65
88 66
89 67
90 68
91 68
92 69
93 70
94 71
95 71
96 72
97 73
98 74
99 74
100 75
101 76
102 77
103 77
104 78
105 79
106 80
107 81
108 81
109 82
110 83
111 84
112 84
113 85
114 86
115 87
116 87
117 88
118 89
119 90
120 90
121 91
122 92
123 93
124 93
125 94
126 95
127 96
128 96
129 97
130 98
131 99
132 99
133 100
134 101
135 102
136 102
137 103
138 104
139 105
140 106
141 106
142 107
143 108
144 109
145 109
146 110
147 111
148 112
149 112
150 113
151 114
152 115
153 115
154 116
155 117
156 118
157 118
158 119
159 120
160 121
161 121
162 122
163 123
164 124
165 124
166 125
167 126
168 127
169 127
170 128
171 129
172 130
173 130
174 131
175 132
176 133
177 134
178 134
179 135
180 136
181 137
182 137
183 138
184 139
185 140
186 140
187 141
188 142
189 143
190 143
191 144
192 145
193 146
194 146
195 147
196 148
197 149
198 149
199 150
200 151
201 152
202 152
203 153
204 154
205 155
206 155
207 156
208 157
209 158
210 159
211 159
212 160
213 161
214 161
215 162
216 163
217 163
218 164
219 165
220 165
221 166
222 167
223 167
224 168
225 169
226 169
227 170
228 171
229 171
230 172
231 173
232 174
233 174
234 175
235 176
236 176
237 177
238 178
239 178
240 179
241 180
242 180
243 181
244 182
245 182
246 183
247 184
248 184
249 185
250 186
251 187
252 187
253 188
254 189
255 189
256 190
257 191
258 191
259 192
260 193
261 193
262 194
263 195
264 195
265 196
266 197
267 197
268 198
269 199
270 199
271 200
272 201
273 202
274 202
275 203
276 204
277 204
278 205
279 206
280 206
281 207
282 208
283 208
284 209
285 210
286 210
287 211
288 212
289 212
290 213
291 214
292 215
293 215
294 216
295 217
296 217
297 218
298 219
299 219
300 220
301 221
302 221
303 222
304 223
305 223
306 224
307 225
308 225
309 226
310 227
311 227
312 228
313 229
314 230
315 230
316 231
317 232
318 232
319 233
320 234
321 234
322 235
323 236
324 236
325 237
326 238
327 238
328 239
329 240
330 240
331 241
332 242
333 243
334 243
335 244
336 245
337 245
338 246
339 247
340 247
341 248
342 249
343 249
344 250
345 251
346 251
347 252
348 253
349 253
350 254
351 255
352 255
353 256
354 257
355 258
356 258
357 259
358 260
359 260
360 261
361 262
362 262
363 263
364 264
365 264
366 265
367 266
368 266
369 267
370 268
371 268
372 269
373 270
374 271
375 271
376 272
377 273
378 273
379 274
380 275
381 275
382 276
383 277
384 277
385 278
386 279
387 279
388 280
389 281
390 281
391 282
392 283
393 283
394 284
395 285
396 286
397 286
398 287
399 288
400 288
401 289
402 290
403 290
404 291
405 292
406 292
407 293
408 294
409 294
410 295
411 296
412 296
413 297
414 298
415 299
416 299
417 300
418 301
419 301
420 302
421 303
422 303
423 304
424 305
425 305
426 306
427 307
428 307
429 308
430 309
431 309
432 310
433 311
434 312
435 312
436 313
437 314
438 315
439 316
440 317
441 318
442 319
443 319
444 320
445 321
446 322
447 323
448 324
449 325
450 326
451 326
452 327
453 328
454 329
455 330
456 331
457 332
458 333
459 333
460 334
461 335
462 336
463 337
464 338
465 339
466 340
467 340
468 341
469 342
470 343
471 344
472 345
473 346
474 347
475 347
476 348
477 349
478 350
479 351
480 352
481 353
482 354
483 354
484 355
485 356
486 357
487 358
488 359
489 360
490 361
491 361
492 362
493 363
494 364
495 365
496 366
497 367
498 368
499 368
500 369
501 370
502 371
503 372
504 373
505 374
506 375
507 375
508 376
509 377
510 378
511 379
512 380
513 381
514 382
515 382
516 383
517 384
518 385
519 386
520 387
521 388
522 389
523 389
524 390
525 391
526 392
527 393
528 394
529 395
530 396
531 396
532 397
533 398
534 399
535 400
536 401
537 402
538 403
539 403
540 404
541 405
542 406
543 407
544 408
545 409
546 410
547 410
548 411
549 412
550 413
551 414
552 415
553 416
554 417
555 417
556 418
557 419
558 420
559 421
560 422
561 423
562 424
563 424
564 425
565 426
566 427
567 428
568 429
569 430
570 431
571 431
572 432
573 433
574 434
575 435
576 436
577 437
578 438
579 438
580 439
581 440
582 441
583 442
584 443
585 444
586 445
587 445
588 446
589 447
590 448
591 449
592 450
593 451
594 452
595 452
596 453
597 454
598 455
599 456
600 457
601 458
602 459
603 459
604 460
605 461
606 462
607 463
608 464
609 465
610 466
611 466
612 467
613 468
614 469
615 470
616 471
617 472
618 473
619 473
620 474
621 475
622 476
623 477
624 478
625 479
626 480
627 480
628 481
629 482
630 483
631 484
632 485
633 486
634 487
635 487
636 488
637 489
638 490
639 491
640 492
641 493
642 494
643 494
644 495
645 496
646 497
647 498
648 499
649 500
650 501
651 501
652 502
653 503
654 504
655 505
656 506
657 507
658 508
659 508
660 509
661 510
662 511
663 512
664 513
665 514
666 515
667 515
668 516
669 517
670 518
671 519
672 520
673 521
674 522
675 522
676 523
677 524
678 525
679 526
680 527
681 528
682 529
683 529
684 530
685 531
686 532
687 533
688 534
689 535
690 536
691 536
692 537
693 538
694 539
695 540
696 541
697 542
698 543
699 543
700 544
701 545
702 546
703 547
704 548
705 549
706 550
707 550
708 551
709 552
710 553
711 554
712 555
713 556
714 557
715 558
716 558
717 559
718 560
719 560
720 561
721 562
722 563
723 563
724 564
725 565
726 566
727 566
728 567
729 568
730 569
731 569
732 570
733 571
734 572
735 572
736 573
737 574
738 575
739 575
740 576
741 577
742 578
743 578
744 579
745 580
746 581
747 581
748 582
749 583
750 584
751 584
752 585
753 586
754 587
755 587
756 588
757 589
758 590
759 590
760 591
761 592
762 593
763 593
764 594
765 595
766 596
767 596
768 597
769 598
770 599
771 599
772 600
773 601
774 602
775 602
776 603
777 604
778 605
779 605
780 606
781 607
782 608
783 608
784 609
785 610
786 611
787 611
788 612
789 613
790 614
791 614
792 615
793 616
794 617
795 617
796 618
797 619
798 620
799 620
800 621
801 622
802 623
803 623
804 624
805 625
806 626
807 626
808 627
809 628
810 629
811 629
812 630
813 631
814 632
815 632
816 633
817 634
818 635
819 635
820 636
821 637
822 638
823 638
824 639
825 640
826 641
827 641
828 642
829 643
830 644
831 644
832 645
833 646
834 647
835 647
836 648
837 649
838 650
839 650
840 651
841 652
842 653
843 653
844 654
845 655
846 656
847 656
848 657
849 658
850 659
851 659
852 660
853 661
854 662
855 662
856 663
857 664
858 665
859 665
860 666
861 667
862 668
863 668
864 669
865 670
866 671
867 671
868 672
869 673
870 674
871 674
872 675
873 676
874 677
875 677
876 678
877 679
878 680
879 680
880 681
881 682
882 683
883 683
884 684
885 685
886 686
887 686
888 687
889 688
890 689
891 689
892 690
893 691
894 692
895 692
896 693
897 694
898 695
899 695
900 696
901 697
902 698
903 698
904 699
905 700
906 701
907 701
908 702
909 703
910 704
911 704
912 705
913 706
914 707
915 707
916 708
917 709
918 710
919 710
920 711
921 712
922 713
923 713
924 714
925 715
926 716
927 716
928 717
929 718
930 719
931 719
932 720
933 721
934 722
935 722
936 723
937 724
938 725
939 725
940 726
941 727
942 728
943 728
944 729
945 730
946 731
947 731
948 732
949 733
950 734
951 734
952 735
953 736
954 737
955 737
956 738
957 739
958 740
959 740
960 741
961 742
962 743
963 743
964 744
965 745
966 746
967 746
968 747
969 748
970 749
971 749
972 750
973 751
974 752
975 752
976 753
977 754
978 755
979 755
980 756
981 757
982 758
983 758
984 759
985 760
986 761
987 761
988 762
989 763
990 764
991 764
992 765
993 766
994 766
995 767
996 768
997 769
998 769
999 770
1000 771
1001 772
1002 772
1003 773
1004 774
1005 775
1006 775
1007 776
1008 777
1009 777
1010 778
1011 779
1012 780
1013 780
1014 781
1015 782
1016 783
1017 783
1018 784
1019 785
1020 786
1021 786
1022 787
1023 788
1024 789
1025 789
1026 790
1027 791
1028 791
1029 792
1030 793
1031 794
1032 794
1033 795
1034 796
1035 797
1036 797
1037 798
1038 799
1039 800
1040 800
1041 801
1042 802
1043 803
1044 803
1045 804
1046 805
1047 805
1048 806
1049 807
1050 808
1051 808
1052 809
1053 810
1054 811
1055 811
1056 812
1057 813
1058 814
1059 814
1060 815
1061 816
1062 816
1063 817
1064 818
1065 819
1066 819
1067 820
1068 821
1069 822
1070 822
1071 823
1072 824
1073 825
1074 825
1075 826
1076 827
1077 828
1078 828
1079 829
1080 830
1081 830
1082 831
1083 832
1084 833
1085 833
1086 834
1087 835
1088 836
1089 836
1090 837
1091 838
1092 839
1093 839
1094 840
1095 841
1096 842
1097 842
1098 843
1099 844
1100 844
1101 845
1102 846
1103 847
1104 847
1105 848
1106 849
1107 850
1108 850
1109 851
1110 852
1111 853
1112 853
1113 854
1114 855
1115 855
1116 856
1117 857
1118 858
1119 858
1120 859
1121 860
1122 861
1123 861
1124 862
1125 863
1126 864
1127 864
1128 865
1129 866
1130 867
1131 867
1132 868
1133 869
1134 869
1135 870
1136 871
1137 872
1138 872
1139 873
1140 874
1141 875
1142 875
1143 876
1144 877
1145 878
1146 878
1147 879
1148 880
1149 881
1150 881
1151 882
1152 883
1153 883
1154 884
1155 885
1156 886
1157 886
1158 887
1159 888
1160 889
1161 889
1162 890
1163 891
1164 892
1165 892
1166 893
1167 894
1168 894
1169 895
1170 896
1171 897
1172 897
1173 898
1174 899
1175 900
1176 900
1177 901
1178 902
1179 903
1180 903
1181 904
1182 905
1183 906
1184 906
1185 907
1186 908
1187 908
1188 909
1189 910
1190 911
1191 911
1192 912
1193 913
1194 914
1195 914
1196 915
1197 916
1198 917
1199 917
1200 918
1201 919
1202 920
1203 920
1204 921
1205 922
1206 922
1207 923
1208 924
1209 925
1210 925
1211 926
1212 927
1213 928
1214 928
1215 929
1216 930
1217 931
1218 931
1219 932
1220 933
1221 933
1222 934
1223 935
1224 936
1225 936
1226 937
1227 938
1228 939
1229 939
1230 940
1231 941
1232 942
1233 942
1234 943
1235 944
1236 945
1237 945
1238 946
1239 947
1240 947
1241 948
1242 949
1243 950
1244 950
1245 951
1246 952
1247 953
1248 953
1249 954
1250 955
1251 956
1252 956
1253 957
1254 958
1255 959
1256 959
1257 960
1258 961
1259 961
1260 962
1261 963
1262 964
1263 964
1264 965
1265 966
1266 967
1267 967
1268 968
1269 969
1270 970
1271 970
1272 971
1273 972
1274 973
1275 973
1276 974
1277 975
1278 976
1279 977
1280 978
1281 979
1282 980
1283 981
1284 982
1285 982
1286 983
1287 984
1288 985
1289 986
1290 987
1291 988
1292 989
1293 990
1294 991
1295 991
1296 992
1297 993
1298 994
1299 995
1300 996
1301 997
1302 998
1303 999
1304 1000
1305 1000
1306 1001
1307 1002
1308 1003
1309 1004
1310 1005
1311 1006
1312 1007
1313 1008
1314 1009
1315 1009
1316 1010
1317 1011
1318 1012
1319 1013
1320 1014
1321 1015
1322 1016
1323 1017
1324 1018
1325 1018
1326 1019
1327 1020
1328 1021
1329 1022
1330 1023
1331 1024
1332 1025
1333 1026
1334 1027
1335 1027
1336 1028
1337 1029
1338 1030
1339 1031
1340 1032
1341 1033
1342 1034
1343 1035
1344 1036
1345 1037
1346 1037
1347 1038
1348 1039
1349 1040
1350 1041
1351 1042
1352 1043
1353 1044
1354 1045
1355 1046
1356 1046
1357 1047
1358 1048
1359 1049
1360 1050
1361 1051
1362 1052
1363 1053
1364 1054
1365 1055
1366 1055
1367 1056
1368 1057
1369 1058
1370 1059
1371 1060
1372 1061
1373 1062
1374 1063
1375 1064
1376 1064
1377 1065
1378 1066
1379 1067
1380 1068
1381 1069
1382 1070
1383 1071
1384 1072
1385 1073
1386 1073
1387 1074
1388 1075
1389 1076
1390 1077
1391 1078
1392 1079
1393 1080
1394 1081
1395 1082
1396 1082
1397 1083
1398 1084
1399 1085
1400 1086
1401 1087
1402 1088
1403 1089
1404 1090
1405 1091
1406 1091
1407 1092
1408 1093
1409 1094
1410 1095
1411 1096
1412 1097
1413 1098
1414 1099
1415 1100
1416 1101
1417 1101
1418 1102
1419 1103
1420 1104
1421 1105
1422 1106
1423 1107
1424 1108
1425 1109
1426 1110
1427 1110
1428 1111
1429 1112
1430 1113
1431 1114
1432 1115
1433 1116
1434 1117
1435 1118
1436 1119
1437 1119
1438 1120
1439 1121
1440 1122
1441 1123
1442 1124
1443 1125
1444 1126
1445 1127
1446 1128
1447 1128
1448 1129
1449 1130
1450 1131
1451 1132
1452 1133
1453 1134
1454 1135
1455 1136
1456 1137
1457 1137
1458 1138
1459 1139
1460 1140
1461 1141
1462 1142
1463 1143
1464 1144
1465 1145
1466 1146
1467 1146
1468 1147
1469 1148
1470 1149
1471 1150
1472 1151
1473 1152
1474 1153
1475 1154
1476 1155
1477 1156
1478 1156
1479 1157
1480 1158
1481 1159
1482 1160
1483 1161
1484 1162
1485 1163
1486 1164
1487 1165
1488 1165
1489 1166
1490 1167
1491 1168
1492 1169
1493 1170
1494 1171
1495 1172
1496 1173
1497 1174
1498 1174
1499 1175
1500 1176
1501 1177
1502 1178
1503 1179
1504 1180
1505 1181
1506 1182
1507 1183
1508 1183
1509 1184
1510 1185
1511 1186
1512 1187
1513 1188
1514 1189
1515 1190
1516 1191
1517 1192
1518 1192
1519 1193
1520 1194
1521 1195
1522 1196
1523 1197
1524 1198
1525 1199
1526 1200
1527 1201
1528 1202
1529 1202
1530 1203
1531 1204
1532 1205
1533 1206
1534 1207
1535 1208
1536 1209
1537 1210
1538 1211
1539 1211
1540 1212
1541 1213
1542 1214
1543 1215
1544 1216
1545 1217
1546 1218
1547 1219
1548 1220
1549 1220
1550 1221
1551 1222
1552 1223
1553 1224
1554 1225
1555 1226
1556 1227
1557 1228
1558 1229
1559 1229
1560 1230
1561 1231
1562 1232
1563 1233
1564 1234
1565 1235
1566 1236
1567 1237
1568 1238
1569 1238
1570 1239
1571 1240
1572 1241
1573 1242
1574 1243
1575 1244
1576 1245
1577 1246
1578 1247
1579 1248
1580 1248
1581 1249
1582 1250
1583 1251
1584 1252
1585 1252
1586 1253
1587 1254
1588 1255
1589 1256
1590 1256
1591 1257
1592 1258
1593 1259
1594 1260
1595 1260
1596 1261
1597 1262
1598 1263
1599 1264
1600 1264
1601 1265
1602 1266
1603 1267
1604 1268
1605 1268
1606 1269
1607 1270
1608 1271
1609 1272
1610 1272
1611 1273
1612 1274
1613 1275
1614 1276
1615 1276
1616 1277
1617 1278
1618 1279
1619 1280
1620 1280
1621 1281
1622 1282
1623 1283
1624 1284
1625 1284
1626 1285
1627 1286
1628 1287
1629 1288
1630 1288
1631 1289
1632 1290
1633 1291
1634 1292
1635 1292
1636 1293
1637 1294
1638 1295
1639 1296
1640 1296
1641 1297
1642 1298
1643 1299
1644 1300
1645 1300
1646 1301
1647 1302
1648 1303
1649 1304
1650 1304
1651 1305
1652 1306
1653 1307
1654 1308
1655 1308
1656 1309
1657 1310
1658 1311
1659 1312
1660 1312
1661 1313
1662 1314
1663 1315
1664 1316
1665 1316
1666 1317
1667 1318
1668 1319
1669 1320
1670 1320
1671 1321
1672 1322
1673 1323
1674 1324
1675 1324
1676 1325
1677 1326
1678 1327
1679 1328
1680 1328
1681 1329
1682 1330
1683 1331
1684 1332
1685 1332
1686 1333
1687 1334
1688 1335
1689 1336
1690 1336
1691 1337
1692 1338
1693 1339
1694 1340
1695 1340
1696 1341
1697 1342
1698 1343
1699 1344
1700 1344
1701 1345
1702 1346
1703 1347
1704 1348
1705 1348
1706 1349
1707 1350
1708 1351
1709 1352
1710 1352
1711 1353
1712 1354
1713 1355
1714 1356
1715 1356
1716 1357
1717 1358
1718 1359
1719 1360
1720 1360
1721 1361
1722 1362
1723 1363
1724 1364
1725 1364
1726 1365
1727 1366
1728 1367
1729 1368
1730 1368
1731 1369
1732 1370
1733 1371
1734 1372
1735 1372
1736 1373
1737 1374
1738 1375
1739 1376
1740 1376
1741 1377
1742 1378
1743 1379
1744 1380
1745 1380
1746 1381
1747 1382
1748 1383
1749 1384
1750 1384
1751 1385
1752 1386
1753 1387
1754 1388
1755 1388
1756 1389
1757 1390
1758 1391
1759 1392
1760 1392
1761 1393
1762 1394
1763 1395
1764 1396
1765 1396
1766 1397
1767 1398
1768 1399
1769 1400
1770 1400
1771 1401
1772 1402
1773 1403
1774 1404
1775 1404
1776 1405
1777 1406
1778 1407
1779 1408
1780 1408
1781 1409
1782 1410
1783 1411
1784 1412
1785 1412
1786 1413
1787 1414
1788 1415
1789 1416
1790 1416
1791 1417
1792 1418
1793 1419
1794 1420
1795 1420
1796 1421
1797 1422
1798 1423
1799 1424
1800 1425
1801 1426
1802 1427
1803 1428
1804 1429
1805 1429
1806 1430
1807 1431
1808 1432
1809 1433
1810 1434
1811 1435
1812 1436
1813 1437
1814 1438
1815 1438
1816 1439
1817 1440
1818 1441
1819 1442
1820 1443
1821 1444
1822 1445
1823 1446
1824 1447
1825 1447
1826 1448
1827 1449
1828 1450
1829 1451
1830 1452
1831 1453
1832 1454
1833 1455
1834 1456
1835 1456
1836 1457
1837 1458
1838 1459
1839 1460
1840 1461
1841 1462
1842 1463
1843 1464
1844 1465
1845 1465
1846 1466
1847 1467
1848 1468
1849 1469
1850 1470
1851 1471
1852 1472
1853 1473
1854 1474
1855 1474
1856 1475
1857 1476
1858 1477
1859 1478
1860 1479
1861 1480
1862 1481
1863 1482
1864 1483
1865 1483
1866 1484
1867 1485
1868 1486
1869 1487
1870 1488
1871 1489
1872 1490
1873 1491
1874 1492
1875 1492
1876 1493
1877 1494
1878 1495
1879 1496
1880 1497
1881 1498
1882 1499
1883 1500
1884 1501
1885 1501
1886 1502
1887 1503
1888 1504
1889 1505
1890 1506
1891 1507
1892 1508
1893 1509
1894 1510
1895 1510
1896 1511
1897 1512
1898 1513
1899 1514
1900 1515
1901 1516
1902 1517
1903 1518
1904 1519
1905 1520
1906 1520
1907 1521
1908 1522
1909 1523
1910 1524
1911 1525
1912 1526
1913 1527
1914 1528
1915 1529
1916 1529
1917 1530
1918 1531
1919 1532
1920 1533
1921 1534
1922 1535
1923 1536
1924 1537
1925 1538
1926 1538
1927 1539
1928 1540
1929 1541
1930 1542
1931 1543
1932 1544
1933 1545
1934 1546
1935 1547
1936 1547
1937 1548
1938 1549
1939 1550
1940 1551
1941 1552
1942 1553
1943 1554
1944 1555
1945 1556
1946 1556
1947 1557
1948 1558
1949 1559
1950 1560
1951 1561
1952 1562
1953 1563
1954 1564
1955 1565
1956 1565
1957 1566
1958 1567
1959 1568
1960 1569
1961 1570
1962 1571
1963 1572
1964 1573
1965 1574
1966 1574
1967 1575
1968 1576
1969 1577
1970 1578
1971 1579
1972 1580
1973 1581
1974 1582
1975 1583
1976 1583
1977 1584
1978 1585
1979 1586
1980 1587
1981 1588
1982 1589
1983 1590
1984 1591
1985 1592
1986 1592
1987 1593
1988 1594
1989 1595
1990 1596
1991 1597
1992 1598
1993 1599
1994 1600
1995 1601
1996 1601
1997 1602
1998 1603
1999 1604
2000 1605
2001 1606
2002 1607
2003 1608
2004 1609
2005 1610
2006 1611
2007 1611
2008 1612
2009 1613
2010 1614
2011 1615
2012 1615
2013 1616
2014 1617
2015 1618
2016 1619
2017 1619
2018 1620
2019 1621
2020 1622
2021 1623
2022 1623
2023 1624
2024 1625
2025 1626
2026 1627
2027 1627
2028 1628
2029 1629
2030 1630
2031 1631
2032 1631
2033 1632
2034 1633
2035 1634
2036 1635
2037 1635
2038 1636
2039 1637
2040 1638
2041 1639
2042 1639
2043 1640
2044 1641
2045 1642
2046 1643
2047 1643
2048 1644
2049 1645
2050 1646
2051 1647
2052 1647
2053 1648
2054 1649
2055 1650
2056 1651
2057 1651
2058 1652
2059 1653
2060 1654
2061 1655
2062 1655
2063 1656
2064 1657
2065 1658
2066 1659
2067 1659
2068 1660
2069 1661
2070 1662
2071 1663
2072 1663
2073 1664
2074 1665
2075 1666
2076 1667
2077 1667
2078 1668
2079 1669
2080 1670
2081 1671
2082 1671
2083 1672
2084 1673
2085 1674
2086 1675
2087 1675
2088 1676
2089 1677
2090 1678
2091 1679
2092 1679
2093 1680
2094 1681
2095 1682
2096 1683
2097 1683
2098 1684
2099 1685
2100 1686
2101 1687
2102 1687
2103 1688
2104 1689
2105 1690
2106 1691
2107 1691
2108 1692
2109 1693
2110 1694
2111 1695
2112 1695
2113 1696
2114 1697
2115 1698
2116 1699
2117 1699
2118 1700
2119 1701
2120 1702
2121 1703
2122 1704
2123 1705
2124 1706
2125 1708
2126 1709
2127 1711
2128 1712
2129 1713
2130 1715
2131 1716
2132 1718
2133 1719
2134 1721
2135 1722
2136 1723
2137 1725
2138 1726
2139 1728
2140 1729
2141 1731
2142 1732
2143 1733
2144 1735
2145 1736
2146 1738
2147 1739
2148 1741
2149 1742
2150 1743
2151 1745
2152 1746
2153 1748
2154 1749
2155 1751
2156 1752
2157 1753
2158 1755
2159 1756
2160 1758
2161 1759
2162 1761
2163 1762
2164 1763
2165 1765
2166 1766
2167 1768
2168 1769
2169 1771
2170 1772
2171 1773
2172 1775
2173 1776
2174 1778
2175 1779
2176 1780
2177 1782
2178 1783
2179 1785
2180 1786
2181 1788
2182 1789
2183 1790
2184 1792
2185 1793
2186 1795
2187 1796
2188 1798
2189 1799
2190 1800
2191 1802
2192 1803
2193 1805
2194 1806
2195 1808
2196 1809
2197 1810
2198 1812
2199 1813
2200 1815
2201 1816
2202 1818
2203 1819
2204 1820
2205 1822
2206 1823
2207 1825
2208 1826
2209 1828
2210 1829
2211 1830
2212 1832
2213 1833
2214 1835
2215 1836
2216 1838
2217 1838
2218 1839
2219 1840
2220 1841
2221 1842
2222 1843
2223 1844
2224 1844
2225 1845
2226 1846
2227 1847
2228 1848
2229 1849
2230 1850
2231 1851
2232 1851
2233 1852
2234 1853
2235 1854
2236 1855
2237 1856
2238 1857
2239 1858
2240 1858
2241 1859
2242 1860
2243 1861
2244 1862
2245 1863
2246 1864
2247 1864
2248 1865
2249 1866
2250 1867
2251 1868
2252 1869
2253 1870
2254 1871
2255 1871
2256 1872
2257 1873
2258 1874
2259 1875
2260 1876
2261 1877
2262 1878
2263 1878
2264 1879
2265 1880
2266 1881
2267 1882
2268 1883
2269 1884
2270 1884
2271 1885
2272 1886
2273 1887
2274 1888
2275 1889
2276 1890
2277 1891
2278 1891
2279 1892
2280 1893
2281 1894
2282 1895
2283 1896
2284 1897
2285 1898
2286 1898
2287 1899
2288 1900
2289 1901
2290 1902
2291 1903
2292 1904
2293 1904
2294 1905
2295 1906
2296 1907
2297 1908
2298 1909
2299 1910
2300 1911
2301 1911
2302 1912
2303 1913
2304 1914
2305 1915
2306 1916
2307 1917
2308 1918
2309 1918
2310 1919
2311 1920
2312 1921
2313 1922
2314 1923
2315 1924
2316 1924
2317 1925
2318 1926
2319 1927
2320 1928
2321 1929
2322 1930
2323 1931
2324 1931
2325 1932
2326 1933
2327 1934
2328 1935
2329 1936
2330 1937
2331 1938
2332 1938
2333 1939
2334 1940
2335 1941
2336 1942
2337 1943
2338 1944
2339 1944
2340 1945
2341 1946
2342 1947
2343 1948
2344 1949
2345 1950
2346 1951
2347 1951
2348 1952
2349 1953
2350 1954
2351 1955
2352 1956
2353 1957
2354 1958
2355 1958
2356 1959
2357 1960
2358 1961
2359 1962
2360 1963
2361 1964
2362 1964
2363 1965
2364 1966
2365 1967
2366 1968
2367 1969
2368 1970
2369 1971
2370 1971
2371 1972
2372 1973
2373 1974
2374 1975
2375 1976
2376 1977
2377 1978
2378 1978
2379 1979
2380 1980
2381 1981
2382 1982
2383 1983
2384 1984
2385 1985
2386 1985
2387 1986
2388 1987
2389 1988
2390 1988
2391 1989
2392 1990
2393 1991
2394 1992
2395 1992
2396 1993
2397 1994
2398 1995
2399 1995
2400 1996
2401 1997
2402 1998
2403 1999
2404 1999
2405 2000
2406 2001
2407 2002
2408 2002
2409 2003
2410 2004
2411 2005
2412 2006
2413 2006
2414 2007
2415 2008
2416 2009
2417 2009
2418 2010
2419 2011
2420 2012
2421 2013
2422 2013
2423 2014
2424 2015
2425 2016
2426 2016
2427 2017
2428 2018
2429 2019
2430 2020
2431 2020
2432 2021
2433 2022
2434 2023
2435 2023
2436 2024
2437 2025
2438 2026
2439 2027
2440 2027
2441 2028
2442 2029
2443 2030
2444 2030
2445 2031
2446 2032
2447 2033
2448 2034
2449 2034
2450 2035
2451 2036
2452 2037
2453 2037
2454 2038
2455 2039
2456 2040
2457 2041
2458 2041
2459 2042
2460 2043
2461 2044
2462 2045
2463 2045
2464 2046
2465 2047
2466 2048
2467 2048
2468 2049
2469 2050
2470 2051
2471 2052
2472 2052
2473 2053
2474 2054
2475 2055
2476 2055
2477 2056
2478 2057
2479 2058
2480 2059
2481 2059
2482 2060
2483 2061
2484 2062
2485 2062
2486 2063
2487 2064
2488 2065
2489 2066
2490 2066
2491 2067
2492 2068
2493 2069
2494 2069
2495 2070
2496 2071
2497 2072
2498 2073
2499 2073
2500 2074
2501 2075
2502 2076
2503 2076
2504 2077
2505 2078
2506 2079
2507 2080
2508 2080
2509 2081
2510 2082
2511 2083
2512 2083
2513 2084
2514 2085
2515 2086
2516 2087
2517 2087
2518 2088
2519 2089
2520 2090
2521 2090
2522 2091
2523 2092
2524 2093
2525 2094
2526 2094
2527 2095
2528 2096
2529 2097
2530 2097
2531 2098
2532 2099
2533 2100
2534 2101
2535 2101
2536 2102
2537 2103
2538 2104
2539 2105
2540 2105
2541 2106
2542 2107
2543 2108
2544 2108
2545 2109
2546 2110
2547 2111
2548 2112
2549 2112
2550 2113
2551 2114
2552 2115
2553 2115
2554 2116
2555 2117
2556 2118
2557 2119
2558 2119
2559 2120
2560 2121
2561 2122
2562 2122
2563 2123
2564 2124
2565 2125
2566 2126
2567 2126
2568 2127
2569 2128
2570 2129
2571 2129
2572 2130
2573 2131
2574 2132
2575 2133
2576 2133
2577 2134
2578 2135
2579 2136
2580 2136
2581 2137
2582 2138
2583 2139
2584 2140
2585 2140
2586 2141
2587 2142
2588 2143
2589 2143
2590 2144
2591 2145
2592 2146
2593 2147
2594 2147
2595 2148
2596 2149
2597 2150
2598 2150
2599 2151
2600 2152
2601 2153
2602 2154
2603 2154
2604 2155
2605 2156
2606 2157
2607 2157
2608 2158
2609 2159
2610 2160
2611 2161
2612 2161
2613 2162
2614 2163
2615 2164
2616 2165
2617 2166
2618 2167
2619 2168
2620 2169
2621 2170
2622 2171
2623 2172
2624 2173
2625 2174
2626 2175
2627 2177
2628 2178
2629 2179
2630 2180
2631 2181
2632 2182
2633 2183
2634 2184
2635 2185
2636 2186
2637 2187
2638 2189
2639 2190
2640 2191
2641 2192
2642 2193
2643 2194
2644 2195
2645 2196
2646 2197
2647 2198
2648 2199
2649 2201
2650 2202
2651 2203
2652 2204
2653 2205
2654 2206
2655 2207
2656 2208
2657 2209
2658 2210
2659 2212
2660 2213
2661 2214
2662 2215
2663 2216
2664 2217
2665 2218
2666 2219
2667 2220
2668 2221
2669 2222
2670 2224
2671 2225
2672 2226
2673 2227
2674 2228
2675 2229
2676 2230
2677 2231
2678 2232
2679 2233
2680 2234
2681 2236
2682 2237
2683 2238
2684 2239
2685 2240
2686 2241
2687 2242
2688 2243
2689 2244
2690 2245
2691 2247
2692 2248
2693 2249
2694 2250
2695 2251
2696 2252
2697 2253
2698 2254
2699 2255
2700 2256
2701 2257
2702 2259
2703 2260
2704 2261
2705 2262
2706 2263
2707 2264
2708 2265
2709 2266
2710 2267
2711 2268
2712 2269
2713 2271
2714 2272
2715 2273
2716 2274
2717 2275
2718 2276
2719 2277
2720 2278
2721 2279
2722 2280
2723 2282
2724 2283
2725 2284
2726 2285
2727 2286
2728 2287
2729 2288
2730 2289
2731 2290
2732 2291
2733 2292
2734 2294
2735 2295
2736 2296
2737 2297
2738 2298
2739 2299
2740 2300
2741 2301
2742 2302
2743 2303
2744 2304
2745 2306
2746 2307
2747 2308
2748 2309
2749 2310
2750 2311
2751 2312
2752 2313
2753 2314
2754 2315
2755 2317
2756 2318
2757 2319
2758 2320
2759 2321
2760 2322
2761 2323
2762 2324
2763 2325
2764 2326
2765 2327
2766 2329
2767 2330
2768 2331
2769 2332
2770 2333
2771 2334
2772 2335
2773 2336
2774 2337
2775 2338
2776 2339
2777 2341
2778 2342
2779 2343
2780 2344
2781 2345
2782 2346
2783 2347
2784 2348
2785 2349
2786 2350
2787 2352
2788 2353
2789 2354
2790 2355
2791 2356
2792 2357
2793 2358
2794 2359
2795 2360
2796 2361
2797 2362
2798 2364
2799 2365
2800 2366
2801 2367
2802 2368
2803 2369
2804 2370
2805 2371
2806 2372
2807 2373
2808 2374
2809 2376
2810 2377
2811 2378
2812 2379
2813 2380
2814 2381
2815 2382
2816 2383
2817 2384
2818 2385
2819 2387
2820 2387
2821 2388
2822 2389
2823 2390
2824 2391
2825 2392
2826 2393
2827 2394
2828 2395
2829 2396
2830 2397
2831 2398
2832 2399
2833 2400
2834 2401
2835 2402
2836 2403
2837 2404
2838 2405
2839 2406
2840 2406
2841 2407
2842 2408
2843 2409
2844 2410
2845 2411
2846 2412
2847 2413
2848 2414
2849 2415
2850 2416
2851 2417
2852 2418
2853 2419
2854 2420
2855 2421
2856 2422
2857 2423
2858 2424
2859 2425
2860 2425
2861 2426
2862 2427
2863 2428
2864 2429
2865 2430
2866 2431
2867 2432
2868 2433
2869 2434
2870 2435
2871 2436
2872 2437
2873 2438
2874 2439
2875 2440
2876 2441
2877 2442
2878 2443
2879 2444
2880 2444
2881 2445
2882 2446
2883 2447
2884 2448
2885 2449
2886 2450
2887 2451
2888 2452
2889 2453
2890 2454
2891 2455
2892 2456
2893 2457
2894 2458
2895 2459
2896 2460
2897 2461
2898 2462
2899 2463
2900 2464
2901 2464
2902 2465
2903 2466
2904 2467
2905 2468
2906 2469
2907 2470
2908 2471
2909 2472
2910 2473
2911 2474
2912 2475
2913 2476
2914 2477
2915 2478
2916 2479
2917 2480
2918 2481
2919 2482
2920 2483
2921 2483
2922 2484
2923 2485
2924 2486
2925 2487
2926 2488
2927 2489
2928 2490
2929 2491
2930 2492
2931 2493
2932 2494
2933 2495
2934 2496
2935 2497
2936 2498
2937 2499
2938 2500
2939 2501
2940 2502
2941 2502
2942 2503
2943 2504
2944 2505
2945 2506
2946 2507
2947 2508
2948 2509
2949 2510
2950 2511
2951 2512
2952 2513
2953 2514
2954 2515
2955 2516
2956 2517
2957 2518
2958 2519
2959 2520
2960 2521
2961 2522
2962 2522
2963 2523
2964 2524
2965 2525
2966 2526
2967 2527
2968 2527
2969 2528
2970 2529
2971 2530
2972 2531
2973 2532
2974 2532
2975 2533
2976 2534
2977 2535
2978 2536
2979 2537
2980 2538
2981 2538
2982 2539
2983 2540
2984 2541
2985 2542
2986 2543
2987 2543
2988 2544
2989 2545
2990 2546
2991 2547
2992 2548
2993 2548
2994 2549
2995 2550
2996 2551
2997 2552
2998 2553
2999 2554
3000 2554
3001 2555
3002 2556
3003 2557
3004 2558
3005 2559
3006 2559
3007 2560
3008 2561
3009 2562
3010 2563
3011 2564
3012 2565
3013 2565
3014 2566
3015 2567
3016 2568
3017 2569
3018 2570
3019 2570
3020 2571
3021 2572
3022 2573
3023 2574
3024 2575
3025 2575
3026 2576
3027 2577
3028 2578
3029 2579
3030 2580
3031 2581
3032 2581
3033 2582
3034 2583
3035 2584
3036 2585
3037 2586
3038 2586
3039 2587
3040 2588
3041 2589
3042 2590
3043 2591
3044 2591
3045 2592
3046 2593
3047 2594
3048 2595
3049 2596
3050 2597
3051 2597
3052 2598
3053 2599
3054 2600
3055 2601
3056 2602
3057 2602
3058 2603
3059 2604
3060 2605
3061 2606
3062 2607
3063 2608
3064 2608
3065 2609
3066 2609
3067 2610
3068 2611
3069 2611
3070 2612
3071 2613
3072 2613
3073 2614
3074 2615
3075 2615
3076 2616
3077 2616
3078 2617
3079 2618
3080 2618
3081 2619
3082 2620
3083 2620
3084 2621
3085 2622
3086 2622
3087 2623
3088 2623
3089 2624
3090 2625
3091 2625
3092 2626
3093 2627
3094 2627
3095 2628
