0 0
1 1
2 2
3 3
4 4
5 5
6 6
7 7
8 8
9 9
10 10
11 11
12 12
13 13
14 14
15 16
16 17
17 18
18 19
19 20
20 21
21 22
22 23
23 24
24 25
25 26
26 27
27 28
28 29
29 31
30 32
31 33
32 34
33 35
34 36
35 37
36 38
37 39
38 40
39 41
40 42
41 43
42 44
43 46
44 47
45 48
46 49
47 50
48 51
49 52
50 53
51 54
52 55
53 56
54 57
55 58
56 59
57 61
58 62
59 63
60 64
61 65
62 66
63 67
64 68
65 69
66 70
67 71
68 72
69 73
70 74
71 76
72 76
73 77
74 78
75 78
76 79
77 80
78 80
79 81
80 82
81 82
82 83
83 84
84 84
85 85
86 86
87 86
88 87
89 88
90 88
91 89
92 90
93 90
94 91
95 92
96 92
97 93
98 94
99 94
100 95
101 96
102 96
103 97
104 98
105 98
106 99
107 100
108 100
109 101
110 102
111 102
112 103
113 104
114 104
115 105
116 106
117 106
118 107
119 108
120 109
121 109
122 110
123 111
124 112
125 113
126 114
127 115
128 116
129 117
130 118
131 119
132 120
133 120
134 121
135 122
136 123
137 124
138 125
139 126
140 127
141 128
142 129
143 130
144 131
145 131
146 132
147 133
148 134
149 135
150 136
151 137
152 138
153 139
154 140
155 141
156 142
157 143
158 144
159 145
160 146
161 147
162 148
163 149
164 150
165 151
166 152
167 153
168 154
169 155
170 156
171 157
172 158
173 159
174 160
175 161
176 162
177 163
178 164
179 166
180 167
181 168
182 169
183 170
184 171
185 172
186 173
187 174
188 175
189 176
190 177
191 178
192 179
193 180
194 181
195 182
196 183
197 184
198 185
199 186
200 187
201 189
202 189
203 190
204 191
205 192
206 193
207 193
208 194
209 195
210 196
211 197
212 198
213 198
214 199
215 200
216 201
217 202
218 203
219 203
220 204
221 205
222 206
223 207
224 208
225 208
226 209
227 210
228 211
229 212
230 213
231 213
232 214
233 215
234 216
235 217
236 218
237 218
238 219
239 220
240 221
241 222
242 223
243 224
244 225
245 226
246 227
247 227
248 228
249 229
250 230
251 231
252 232
253 233
254 234
255 235
256 236
257 237
258 237
259 238
260 239
261 240
262 241
263 242
264 243
265 244
266 245
267 246
268 247
269 247
270 248
271 249
272 250
273 251
274 252
275 253
276 254
277 255
278 256
279 257
280 257
281 258
282 259
283 260
284 261
285 262
286 263
287 264
288 265
289 266
290 266
291 267
292 268
293 269
294 270
295 271
296 272
297 273
298 274
299 275
300 276
301 276
302 277
303 278
304 279
305 280
306 281
307 282
308 283
309 284
310 285
311 286
312 286
313 287
314 288
315 289
316 290
317 291
318 292
319 293
320 294
321 295
322 296
323 296
324 297
325 298
326 299
327 300
328 301
329 302
330 303
331 304
332 305
333 306
334 307
335 308
336 309
337 310
338 311
339 311
340 312
341 313
342 314
343 315
344 316
345 317
346 318
347 319
348 320
349 321
350 322
351 323
352 324
353 325
354 326
355 326
356 327
357 328
358 329
359 330
360 331
361 332
362 333
363 334
364 335
365 336
366 337
367 338
368 339
369 340
370 341
371 341
372 342
373 343
374 344
375 345
376 346
377 347
378 348
379 349
380 350
381 350
382 351
383 352
384 353
385 354
386 355
387 356
388 357
389 358
390 359
391 360
392 360
393 361
394 362
395 363
396 364
397 365
398 366
399 367
400 368
401 369
402 370
403 370
404 371
405 372
406 373
407 374
408 375
409 376
410 377
411 378
412 379
413 380
414 380
415 381
416 382
417 383
418 384
419 385
420 386
421 387
422 387
423 388
424 389
425 390
426 391
427 392
428 393
429 394
430 394
431 395
432 396
433 397
434 398
435 399
436 400
437 401
438 401
439 402
440 403
441 404
442 405
443 406
444 407
445 408
446 408
447 409
448 410
449 411
450 412
451 413
452 414
453 415
454 415
455 416
456 417
457 418
458 419
459 420
460 421
461 422
462 422
463 423
464 424
465 425
466 426
467 427
468 428
469 428
470 429
471 430
472 431
473 432
474 433
475 434
476 435
477 435
478 436
479 437
480 438
481 439
482 440
483 441
484 442
485 442
486 443
487 444
488 445
489 446
490 447
491 448
492 448
493 449
494 450
495 451
496 452
497 453
498 454
499 455
500 455
501 456
502 457
503 458
504 459
505 460
506 461
507 462
508 462
509 463
510 464
511 465
512 466
513 467
514 468
515 469
516 469
517 470
518 471
519 472
520 473
521 474
522 475
523 475
524 476
525 477
526 478
527 479
528 480
529 481
530 482
531 482
532 483
533 484
534 485
535 486
536 487
537 488
538 489
539 489
540 490
541 491
542 492
543 493
544 494
545 495
546 496
547 497
548 498
549 499
550 500
551 501
552 502
553 503
554 504
555 506
556 507
557 508
558 509
559 510
560 511
561 512
562 513
563 514
564 516
565 517
566 518
567 519
568 520
569 521
570 522
571 523
572 524
573 526
574 527
575 528
576 529
577 530
578 531
579 532
580 533
581 534
582 536
583 537
584 538
585 539
586 540
587 541
588 542
589 543
590 544
591 545
592 546
593 547
594 548
595 549
596 550
597 551
598 552
599 553
600 554
601 555
602 556
603 557
604 558
605 559
606 560
607 561
608 562
609 563
610 564
611 565
612 566
613 567
614 568
615 569
616 570
617 571
618 572
619 573
620 574
621 575
622 576
623 577
624 578
625 579
626 580
627 581
628 582
629 583
630 584
631 585
632 586
633 587
634 588
635 589
636 590
637 591
638 592
639 592
640 593
641 594
642 595
643 596
644 597
645 598
646 598
647 599
648 600
649 601
650 602
651 603
652 604
653 605
654 605
655 606
656 607
657 608
658 609
659 610
660 611
661 611
662 612
663 613
664 614
665 615
666 616
667 617
668 618
669 618
670 619
671 620
672 621
673 622
674 623
675 624
676 625
677 626
678 627
679 628
680 629
681 630
682 631
683 632
684 633
685 634
686 635
687 636
688 637
689 638
690 639
691 640
692 641
693 642
694 643
695 644
696 645
697 646
698 647
699 648
700 649
701 650
702 651
703 652
704 653
705 654
706 655
707 656
708 657
709 658
710 659
711 660
712 661
713 662
714 663
715 664
716 665
717 666
718 667
719 668
720 669
721 670
722 671
723 672
724 673
725 674
726 675
727 676
728 677
729 678
730 679
731 680
732 681
733 682
734 683
735 684
736 685
737 686
738 687
739 688
740 689
741 690
742 691
743 692
744 693
745 694
746 695
747 696
748 697
749 698
750 699
751 700
752 701
753 702
754 703
755 704
756 705
757 706
758 707
759 707
760 708
761 709
762 710
763 711
764 712
765 713
766 714
767 715
768 716
769 717
770 718
771 718
772 719
773 720
774 721
775 722
776 723
777 724
778 725
779 726
780 727
781 728
782 729
783 729
784 730
785 731
786 732
787 733
788 734
789 735
790 736
791 737
792 738
793 739
794 740
795 740
796 741
797 742
798 743
799 744
800 745
801 746
802 747
803 748
804 749
805 750
806 751
807 751
808 752
809 753
810 754
811 755
812 756
813 757
814 758
815 759
816 760
817 761
818 762
819 763
820 764
821 765
822 766
823 767
824 768
825 769
826 770
827 771
828 773
829 774
830 775
831 776
832 777
833 778
834 779
835 780
836 781
837 783
838 784
839 785
840 786
841 787
842 788
843 789
844 790
845 791
846 793
847 794
848 795
849 796
850 797
851 798
852 799
853 800
854 801
855 803
856 804
857 805
858 806
859 807
860 808
861 809
862 810
863 811
864 813
865 814
866 815
867 816
868 817
869 818
870 819
871 820
872 821
873 823
874 824
875 825
876 826
877 827
878 828
879 829
880 831
881 832
882 833
883 834
884 835
885 836
886 837
887 839
888 840
889 841
890 842
891 843
892 844
893 845
894 847
895 848
896 849
897 850
898 851
899 852
900 854
901 854
902 855
903 855
904 856
905 857
906 857
907 858
908 859
909 859
910 860
911 860
912 861
913 862
914 862
915 863
916 864
917 864
918 865
919 866
920 866
921 867
922 867
923 868
924 869
925 869
926 870
927 871
928 871
929 872
930 872
931 873
932 874
933 874
934 875
935 876
936 876
937 877
