0 0
1 1
2 2
3 3
4 4
5 5
6 6
7 7
8 8
9 9
10 10
11 11
12 12
13 13
14 14
15 16
16 17
17 18
18 19
19 20
20 21
21 22
22 23
23 24
24 25
25 26
26 27
27 28
28 29
29 31
30 32
31 33
32 34
33 35
34 36
35 37
36 38
37 39
38 40
39 41
40 42
41 43
42 44
43 46
44 47
45 48
46 49
47 50
48 51
49 52
50 53
51 54
52 55
53 56
54 57
55 58
56 59
57 61
58 62
59 63
60 64
61 65
62 66
63 67
64 68
65 69
66 70
67 71
68 72
69 73
70 74
71 76
72 77
73 78
74 79
75 80
76 81
77 82
78 83
79 84
80 85
81 86
82 87
83 88
84 89
85 90
86 92
87 93
88 94
89 95
90 96
91 97
92 98
93 99
94 100
95 101
96 102
97 103
98 104
99 105
100 107
101 108
102 109
103 110
104 111
105 112
106 113
107 114
108 115
109 116
110 117
111 118
112 119
113 120
114 122
115 123
116 124
117 125
118 126
119 127
120 128
121 129
122 130
123 131
124 132
125 133
126 134
127 135
128 137
129 138
130 139
131 140
132 141
133 142
134 143
135 144
136 145
137 146
138 147
139 148
140 149
141 150
142 152
143 152
144 153
145 154
146 154
147 155
148 156
149 156
150 157
151 158
152 158
153 159
154 160
155 160
156 161
157 162
158 162
159 163
160 164
161 164
162 165
163 166
164 166
165 167
166 168
167 168
168 169
169 170
170 170
171 171
172 172
173 172
174 173
175 174
176 174
177 175
178 176
179 176
180 177
181 178
182 178
183 179
184 180
185 180
186 181
187 182
188 182
189 183
190 184
191 185
192 185
193 186
194 187
195 187
196 188
197 189
198 189
199 190
200 191
201 191
202 192
203 193
204 193
205 194
206 195
207 195
208 196
209 197
210 197
211 198
212 199
213 199
214 200
215 201
216 201
217 202
218 203
219 203
220 204
221 205
222 205
223 206
224 207
225 207
226 208
227 209
228 209
229 210
230 211
231 211
232 212
233 213
234 213
235 214
236 215
237 215
238 216
239 217
240 218
241 218
242 219
243 220
244 221
245 222
246 223
247 224
248 225
249 226
250 227
251 228
252 229
253 229
254 230
255 231
256 232
257 233
258 234
259 235
260 236
261 237
262 238
263 239
264 240
265 240
266 241
267 242
268 243
269 244
270 245
271 246
272 247
273 248
274 249
275 250
276 251
277 251
278 252
279 253
280 254
281 255
282 256
283 257
284 258
285 259
286 260
287 261
288 262
289 262
290 263
291 264
292 265
293 266
294 267
295 268
296 269
297 270
298 271
299 272
300 273
301 273
302 274
303 275
304 276
305 277
306 278
307 279
308 280
309 281
310 282
311 283
312 284
313 285
314 286
315 287
316 288
317 289
318 290
319 291
320 292
321 293
322 294
323 295
324 296
325 297
326 298
327 299
328 300
329 301
330 302
331 303
332 304
333 305
334 306
335 308
336 309
337 310
338 311
339 312
340 313
341 314
342 315
343 316
344 317
345 318
346 319
347 320
348 321
349 322
350 323
351 324
352 325
353 326
354 327
355 328
356 329
357 331
358 332
359 333
360 334
361 335
362 336
363 337
364 338
365 339
366 340
367 341
368 342
369 343
370 344
371 345
372 346
373 347
374 348
375 349
376 350
377 351
378 352
379 353
380 355
381 356
382 357
383 358
384 359
385 360
386 361
387 362
388 363
389 364
390 365
391 366
392 367
393 368
394 369
395 370
396 371
397 372
398 373
399 374
400 375
401 376
402 378
403 378
404 379
405 380
406 381
407 382
408 382
409 383
410 384
411 385
412 386
413 387
414 387
415 388
416 389
417 390
418 391
419 392
420 392
421 393
422 394
423 395
424 396
425 397
426 397
427 398
428 399
429 400
430 401
431 402
432 402
433 403
434 404
435 405
436 406
437 407
438 407
439 408
440 409
441 410
442 411
443 411
444 412
445 413
446 414
447 415
448 416
449 416
450 417
451 418
452 419
453 420
454 421
455 421
456 422
457 423
458 424
459 425
460 426
461 426
462 427
463 428
464 429
465 430
466 431
467 431
468 432
469 433
470 434
471 435
472 436
473 436
474 437
475 438
476 439
477 440
478 441
479 442
480 443
481 444
482 445
483 445
484 446
485 447
486 448
487 449
488 450
489 451
490 452
491 453
492 454
493 455
494 455
495 456
496 457
497 458
498 459
499 460
500 461
501 462
502 463
503 464
504 465
505 465
506 466
507 467
508 468
509 469
510 470
511 471
512 472
513 473
514 474
515 475
516 475
517 476
518 477
519 478
520 479
521 480
522 481
523 482
524 483
525 484
526 484
527 485
528 486
529 487
530 488
531 489
532 490
533 491
534 492
535 493
536 494
537 494
538 495
539 496
540 497
541 498
542 499
543 500
544 501
545 502
546 503
547 504
548 504
549 505
550 506
551 507
552 508
553 509
554 510
555 511
556 512
557 513
558 514
559 514
560 515
561 516
562 517
563 518
564 519
565 520
566 521
567 522
568 523
569 523
570 524
571 525
572 526
573 527
574 528
575 529
576 530
577 531
578 532
579 533
580 533
581 534
582 535
583 536
584 537
585 538
586 539
587 540
588 541
589 542
590 543
591 543
592 544
593 545
594 546
595 547
596 548
597 549
598 550
599 551
600 552
601 553
602 553
603 554
604 555
605 556
606 557
607 558
608 559
609 560
610 561
611 562
612 562
613 563
614 564
615 565
616 566
617 567
618 568
619 569
620 570
621 571
622 572
623 572
624 573
625 574
626 575
627 576
628 577
629 578
630 579
631 580
632 581
633 582
634 582
635 583
636 584
637 585
638 586
639 587
640 588
641 589
642 590
643 591
644 592
645 592
646 593
647 594
648 595
649 596
650 597
651 598
652 599
653 600
654 601
655 602
656 603
657 604
658 605
659 606
660 607
661 607
662 608
663 609
664 610
665 611
666 612
667 613
668 614
669 615
670 616
671 617
672 618
673 619
674 620
675 621
676 622
677 622
678 623
679 624
680 625
681 626
682 627
683 628
684 629
685 630
686 631
687 632
688 633
689 634
690 635
691 636
692 637
693 637
694 638
695 639
696 640
697 641
698 642
699 643
700 644
701 645
702 646
703 647
704 648
705 649
706 650
707 651
708 652
709 652
710 653
711 654
712 655
713 656
714 657
715 658
716 659
717 660
718 661
719 662
720 663
721 664
722 665
723 666
724 667
725 667
726 668
727 669
728 670
729 671
730 672
731 673
732 674
733 675
734 676
735 677
736 678
737 679
738 680
739 681
740 682
741 682
742 683
743 684
744 685
745 686
746 687
747 688
748 689
749 690
750 691
751 691
752 692
753 693
754 694
755 695
756 696
757 697
758 698
759 699
760 700
761 701
762 701
763 702
764 703
765 704
766 705
767 706
768 707
769 708
770 709
771 710
772 711
773 711
774 712
775 713
776 714
777 715
778 716
779 717
780 718
781 719
782 720
783 721
784 721
785 722
786 723
787 724
788 725
789 726
790 727
791 728
792 729
793 730
794 730
795 731
796 732
797 733
798 734
799 735
800 736
801 737
802 738
803 739
804 740
805 740
806 741
807 742
808 743
809 744
810 745
811 746
812 747
813 748
814 749
815 750
816 750
817 751
818 752
819 753
820 754
821 755
822 756
823 757
824 758
825 759
826 760
827 760
828 761
829 762
830 763
831 764
832 765
833 766
834 767
835 767
836 768
837 769
838 770
839 771
840 772
841 773
842 774
843 774
844 775
845 776
846 777
847 778
848 779
849 780
850 781
851 781
852 782
853 783
854 784
855 785
856 786
857 787
858 788
859 788
860 789
861 790
862 791
863 792
864 793
865 794
866 795
867 795
868 796
869 797
870 798
871 799
872 800
873 801
874 802
875 802
876 803
877 804
878 805
879 806
880 807
881 808
882 809
883 809
884 810
885 811
886 812
887 813
888 814
889 815
890 816
891 816
892 817
893 818
894 819
895 820
896 821
897 822
898 823
899 823
900 824
901 825
902 826
903 827
904 828
905 829
906 830
907 830
908 831
909 832
910 833
911 834
912 835
913 836
914 837
915 837
916 838
917 839
918 840
919 841
920 842
921 843
922 844
923 844
924 845
925 846
926 847
927 848
928 849
929 850
930 850
931 851
932 852
933 853
934 854
935 855
936 856
937 857
938 857
939 858
940 859
941 860
942 861
943 862
944 863
945 864
946 864
947 865
948 866
949 867
950 868
951 869
952 870
953 870
954 871
955 872
956 873
957 874
958 875
959 876
960 877
961 877
962 878
963 879
964 880
965 881
966 882
967 883
968 884
969 884
970 885
971 886
972 887
973 888
974 889
975 890
976 891
977 891
978 892
979 893
980 894
981 895
982 896
983 897
984 897
985 898
986 899
987 900
988 901
989 902
990 903
991 904
992 904
993 905
994 906
995 907
996 908
997 909
998 910
999 911
1000 911
1001 912
1002 913
1003 914
1004 915
1005 916
1006 917
1007 918
1008 918
1009 919
1010 920
1011 921
1012 922
1013 923
1014 924
1015 924
1016 925
1017 926
1018 927
1019 928
1020 929
1021 930
1022 931
1023 931
1024 932
1025 933
1026 934
1027 935
1028 936
1029 937
1030 938
1031 938
1032 939
1033 940
1034 941
1035 942
1036 943
1037 944
1038 944
1039 945
1040 946
1041 947
1042 948
1043 949
1044 950
1045 951
1046 951
1047 952
1048 953
1049 954
1050 955
1051 956
1052 957
1053 958
1054 958
1055 959
1056 960
1057 961
1058 962
1059 963
1060 964
1061 965
1062 965
1063 966
1064 967
1065 968
1066 969
1067 970
1068 971
1069 971
1070 972
1071 973
1072 974
1073 975
1074 976
1075 977
1076 978
1077 978
1078 979
1079 980
1080 981
1081 982
1082 983
1083 984
1084 985
1085 985
1086 986
1087 987
1088 988
1089 989
1090 990
1091 991
1092 992
1093 993
1094 994
1095 995
1096 996
1097 997
1098 998
1099 999
1100 1000
1101 1002
1102 1003
1103 1004
1104 1005
1105 1006
1106 1007
1107 1008
1108 1009
1109 1010
1110 1012
1111 1013
1112 1014
1113 1015
1114 1016
1115 1017
1116 1018
1117 1019
1118 1020
1119 1022
1120 1023
1121 1024
1122 1025
1123 1026
1124 1027
1125 1028
1126 1029
1127 1030
1128 1032
1129 1033
1130 1034
1131 1035
1132 1036
1133 1037
1134 1038
1135 1039
1136 1040
1137 1042
1138 1043
1139 1044
1140 1045
1141 1046
1142 1047
1143 1048
1144 1049
1145 1050
1146 1052
1147 1053
1148 1054
1149 1055
1150 1056
1151 1057
1152 1058
1153 1059
1154 1060
1155 1062
1156 1063
1157 1064
1158 1065
1159 1066
1160 1067
1161 1068
1162 1069
1163 1070
1164 1072
1165 1073
1166 1074
1167 1075
1168 1076
1169 1077
1170 1078
1171 1079
1172 1080
1173 1081
1174 1082
1175 1083
1176 1084
1177 1085
1178 1086
1179 1087
1180 1088
1181 1089
1182 1090
1183 1091
1184 1092
1185 1093
1186 1094
1187 1095
1188 1096
1189 1097
1190 1098
1191 1099
1192 1100
1193 1101
1194 1102
1195 1103
1196 1104
1197 1105
1198 1106
1199 1107
1200 1108
1201 1109
1202 1110
1203 1111
1204 1112
1205 1113
1206 1114
1207 1115
1208 1116
1209 1117
1210 1118
1211 1119
1212 1120
1213 1121
1214 1122
1215 1123
1216 1124
1217 1125
1218 1126
1219 1127
1220 1128
1221 1129
1222 1130
1223 1131
1224 1132
1225 1133
1226 1134
1227 1135
1228 1136
1229 1137
1230 1138
1231 1139
1232 1140
1233 1141
1234 1142
1235 1143
1236 1144
1237 1145
1238 1146
1239 1147
1240 1148
1241 1149
1242 1150
1243 1151
1244 1152
1245 1153
1246 1154
1247 1155
1248 1156
1249 1157
1250 1158
1251 1159
1252 1160
1253 1161
1254 1162
1255 1163
1256 1164
1257 1165
1258 1166
1259 1167
1260 1168
1261 1169
1262 1170
1263 1171
1264 1172
1265 1173
1266 1174
1267 1175
1268 1176
1269 1177
1270 1178
1271 1179
1272 1180
1273 1181
1274 1182
1275 1183
1276 1184
1277 1184
1278 1185
1279 1186
1280 1187
1281 1188
1282 1189
1283 1190
1284 1190
1285 1191
1286 1192
1287 1193
1288 1194
1289 1195
1290 1196
1291 1197
1292 1197
1293 1198
1294 1199
1295 1200
1296 1201
1297 1202
1298 1203
1299 1203
1300 1204
1301 1205
1302 1206
1303 1207
1304 1208
1305 1209
1306 1210
1307 1210
1308 1211
1309 1212
1310 1213
1311 1214
1312 1215
1313 1216
1314 1217
1315 1217
1316 1218
1317 1219
1318 1220
1319 1221
1320 1222
1321 1223
1322 1223
1323 1224
1324 1225
1325 1226
1326 1227
1327 1228
1328 1229
1329 1230
1330 1230
1331 1231
1332 1232
1333 1233
1334 1234
1335 1235
1336 1236
1337 1236
1338 1237
1339 1238
1340 1239
1341 1240
1342 1241
1343 1242
1344 1243
1345 1243
1346 1244
1347 1245
1348 1246
1349 1247
1350 1248
1351 1249
1352 1250
1353 1251
1354 1252
1355 1253
1356 1254
1357 1255
1358 1256
1359 1257
1360 1258
1361 1259
1362 1260
1363 1261
1364 1262
1365 1263
1366 1264
1367 1265
1368 1266
1369 1267
1370 1268
1371 1269
1372 1270
1373 1271
1374 1272
1375 1273
1376 1274
1377 1275
1378 1276
1379 1277
1380 1278
1381 1279
1382 1280
1383 1281
1384 1282
1385 1283
1386 1284
1387 1285
1388 1286
1389 1287
1390 1288
1391 1289
1392 1290
1393 1291
1394 1292
1395 1293
1396 1294
1397 1295
1398 1296
1399 1297
1400 1298
1401 1299
1402 1300
1403 1301
1404 1302
1405 1303
1406 1304
1407 1305
1408 1306
1409 1307
1410 1308
1411 1309
1412 1310
1413 1311
1414 1312
1415 1313
1416 1314
1417 1315
1418 1316
1419 1317
1420 1318
1421 1319
1422 1320
1423 1321
1424 1322
1425 1323
1426 1324
1427 1325
1428 1326
1429 1327
1430 1328
1431 1329
1432 1330
1433 1331
1434 1332
1435 1333
1436 1334
1437 1335
1438 1336
1439 1337
1440 1338
1441 1339
1442 1340
1443 1341
1444 1342
1445 1343
1446 1344
1447 1345
1448 1346
1449 1347
1450 1348
1451 1349
1452 1350
1453 1351
1454 1352
1455 1353
1456 1354
1457 1355
1458 1356
1459 1357
1460 1358
1461 1359
1462 1360
1463 1361
1464 1362
1465 1363
1466 1364
1467 1365
1468 1366
1469 1367
1470 1368
1471 1369
1472 1370
1473 1371
1474 1372
1475 1373
1476 1374
1477 1375
1478 1376
1479 1377
1480 1378
1481 1379
1482 1380
1483 1381
1484 1382
1485 1383
1486 1384
1487 1385
1488 1386
1489 1387
1490 1388
1491 1389
1492 1390
1493 1391
1494 1392
1495 1393
1496 1394
1497 1395
1498 1396
1499 1397
1500 1398
1501 1399
1502 1400
1503 1401
1504 1402
1505 1403
1506 1404
1507 1405
1508 1406
1509 1407
1510 1408
1511 1409
1512 1410
1513 1411
1514 1412
1515 1413
1516 1414
1517 1414
1518 1415
1519 1416
1520 1417
1521 1418
1522 1419
1523 1420
1524 1421
1525 1422
1526 1423
1527 1424
1528 1425
1529 1425
1530 1426
1531 1427
1532 1428
1533 1429
1534 1430
1535 1431
1536 1432
1537 1433
1538 1434
1539 1435
1540 1436
1541 1436
1542 1437
1543 1438
1544 1439
1545 1440
1546 1441
1547 1442
1548 1443
1549 1444
1550 1445
1551 1446
1552 1447
1553 1447
1554 1448
1555 1449
1556 1450
1557 1451
1558 1452
1559 1453
1560 1454
1561 1455
1562 1456
1563 1457
1564 1458
1565 1458
1566 1459
1567 1460
1568 1461
1569 1462
1570 1463
1571 1464
1572 1465
1573 1466
1574 1467
1575 1468
1576 1469
1577 1469
1578 1470
1579 1471
1580 1472
1581 1473
1582 1474
1583 1475
1584 1476
1585 1477
1586 1478
1587 1479
1588 1480
1589 1480
1590 1481
1591 1482
1592 1483
1593 1484
1594 1485
1595 1486
1596 1487
1597 1488
1598 1489
1599 1490
1600 1491
1601 1491
1602 1492
1603 1493
1604 1494
1605 1495
1606 1496
1607 1497
1608 1498
1609 1499
1610 1500
1611 1501
1612 1502
1613 1502
1614 1503
1615 1504
1616 1505
1617 1506
1618 1507
1619 1508
1620 1509
1621 1510
1622 1511
1623 1512
1624 1513
1625 1513
1626 1514
1627 1515
1628 1516
1629 1517
1630 1518
1631 1519
1632 1520
1633 1521
1634 1522
1635 1523
1636 1524
1637 1525
1638 1526
1639 1527
1640 1528
1641 1529
1642 1530
1643 1531
1644 1532
1645 1533
1646 1535
1647 1536
1648 1537
1649 1538
1650 1539
1651 1540
1652 1541
1653 1542
1654 1543
1655 1545
1656 1546
1657 1547
1658 1548
1659 1549
1660 1550
1661 1551
1662 1552
1663 1553
1664 1555
1665 1556
1666 1557
1667 1558
1668 1559
1669 1560
1670 1561
1671 1562
1672 1563
1673 1565
1674 1566
1675 1567
1676 1568
1677 1569
1678 1570
1679 1571
1680 1572
1681 1573
1682 1575
1683 1576
1684 1577
1685 1578
1686 1579
1687 1580
1688 1581
1689 1582
1690 1583
1691 1585
1692 1586
1693 1587
1694 1588
1695 1589
1696 1590
1697 1591
1698 1592
1699 1593
1700 1594
1701 1596
1702 1597
1703 1598
1704 1599
1705 1600
1706 1601
1707 1602
1708 1603
1709 1604
1710 1606
1711 1607
1712 1608
1713 1609
1714 1610
1715 1611
1716 1612
1717 1613
1718 1614
1719 1616
1720 1617
1721 1618
1722 1619
1723 1620
1724 1621
1725 1622
1726 1623
1727 1624
1728 1626
1729 1627
1730 1628
1731 1629
1732 1630
1733 1631
1734 1632
1735 1633
1736 1634
1737 1636
1738 1637
1739 1638
1740 1639
1741 1640
1742 1641
1743 1642
1744 1643
1745 1644
1746 1646
1747 1647
1748 1648
1749 1649
1750 1650
1751 1651
1752 1652
1753 1654
1754 1655
1755 1656
1756 1657
1757 1658
1758 1659
1759 1660
1760 1662
1761 1663
1762 1664
1763 1665
1764 1666
1765 1667
1766 1668
1767 1670
1768 1671
1769 1672
1770 1673
1771 1674
1772 1675
1773 1677
1774 1678
1775 1679
1776 1680
1777 1681
1778 1682
1779 1683
1780 1685
1781 1686
1782 1687
1783 1688
1784 1689
1785 1690
1786 1691
1787 1693
1788 1694
1789 1695
1790 1696
1791 1697
1792 1698
1793 1699
1794 1701
1795 1702
1796 1703
1797 1704
1798 1705
1799 1706
1800 1708
1801 1708
1802 1709
1803 1709
1804 1710
1805 1711
1806 1711
1807 1712
1808 1713
1809 1713
1810 1714
1811 1714
1812 1715
1813 1716
1814 1716
1815 1717
1816 1718
1817 1718
1818 1719
1819 1720
1820 1720
1821 1721
1822 1721
1823 1722
1824 1723
1825 1723
1826 1724
1827 1725
1828 1725
1829 1726
1830 1726
1831 1727
1832 1728
1833 1728
1834 1729
1835 1730
1836 1730
1837 1731
1838 1732
1839 1732
1840 1733
1841 1733
1842 1734
1843 1735
1844 1735
1845 1736
1846 1737
1847 1737
1848 1738
1849 1738
1850 1739
1851 1740
1852 1740
1853 1741
1854 1742
1855 1742
1856 1743
1857 1744
1858 1744
1859 1745
1860 1745
1861 1746
1862 1747
1863 1747
1864 1748
1865 1749
1866 1749
1867 1750
1868 1750
1869 1751
1870 1752
1871 1752
1872 1753
1873 1754
1874 1754
1875 1755
