0 0
1 1
2 2
3 3
4 4
5 5
6 6
7 7
8 8
9 9
10 10
11 11
12 12
13 13
14 14
15 15
16 16
17 17
18 18
19 19
20 20
21 21
22 22
23 23
24 25
25 26
26 27
27 28
28 29
29 30
30 31
31 32
32 33
33 34
34 35
35 36
36 37
37 38
38 39
39 40
40 41
41 42
42 43
43 44
44 45
45 46
46 47
47 48
48 50
49 51
50 52
51 53
52 54
53 55
54 56
55 57
56 58
57 59
58 60
59 61
60 62
61 63
62 64
63 65
64 66
65 67
66 68
67 69
68 70
69 71
70 72
71 74
72 75
73 76
74 77
75 78
76 79
77 80
78 81
79 82
80 83
81 84
82 85
83 86
84 87
85 88
86 89
87 90
88 91
89 92
90 93
91 94
92 95
93 96
94 97
95 99
96 100
97 101
98 102
99 103
100 104
101 105
102 106
103 107
104 108
105 109
106 110
107 111
108 112
109 113
110 114
111 115
112 116
113 117
114 118
115 119
116 120
117 121
118 122
119 124
120 125
121 126
122 127
123 128
124 129
125 130
126 131
127 132
128 133
129 134
130 135
131 136
132 137
133 138
134 139
135 140
136 141
137 142
138 143
139 144
140 145
141 146
142 148
143 148
144 149
145 150
146 151
147 152
148 153
149 154
150 155
151 156
152 156
153 157
154 158
155 159
156 160
157 161
158 162
159 163
160 164
161 165
162 165
163 166
164 167
165 168
166 169
167 170
168 171
169 172
170 173
171 174
172 174
173 175
174 176
175 177
176 178
177 179
178 180
179 181
180 182
181 183
182 183
183 184
184 185
185 186
186 187
187 188
188 189
189 190
190 191
191 192
192 192
193 193
194 194
195 195
196 196
197 197
198 198
199 199
200 200
201 200
202 201
203 202
204 203
205 204
206 205
207 206
208 207
209 208
210 209
211 209
212 210
213 211
214 212
215 213
216 214
217 215
218 216
219 217
220 218
221 218
222 219
223 220
224 221
225 222
226 223
227 224
228 225
229 226
230 227
231 227
232 228
233 229
234 230
235 231
236 232
237 233
238 234
239 235
240 236
241 236
242 237
243 238
244 239
245 240
246 241
247 242
248 243
249 244
250 245
251 246
252 247
253 248
254 249
255 250
256 251
257 252
258 253
259 254
260 255
261 256
262 257
263 258
264 259
265 260
266 261
267 262
268 263
269 264
270 265
271 266
272 267
273 268
274 269
275 270
276 271
277 271
278 272
279 273
280 274
281 275
282 276
283 277
284 278
285 279
286 280
287 281
288 282
289 283
290 284
291 285
292 286
293 287
294 288
295 289
296 290
297 291
298 292
299 293
300 294
301 295
302 296
303 297
304 298
305 299
306 300
307 301
308 302
309 303
310 304
311 305
312 306
313 307
314 308
315 309
316 310
317 311
318 312
319 313
320 314
321 315
322 316
323 317
324 319
325 320
326 321
327 322
328 323
329 324
330 325
331 326
332 327
333 328
334 329
335 331
336 332
337 333
338 334
339 335
340 336
341 337
342 338
343 339
344 340
345 341
346 343
347 344
348 345
349 346
350 347
351 348
352 349
353 350
354 351
355 352
356 353
357 355
358 356
359 357
360 358
361 359
362 360
363 361
364 362
365 363
366 364
367 365
368 366
369 368
370 369
371 370
372 371
373 372
374 373
375 374
376 375
377 376
378 377
379 378
380 380
381 381
382 382
383 383
384 384
385 385
386 386
387 387
388 388
389 389
390 390
391 392
392 393
393 394
394 395
395 396
396 397
397 398
398 399
399 400
400 401
401 402
402 404
403 405
404 406
405 407
406 408
407 409
408 410
409 411
410 412
411 413
412 414
413 415
414 416
415 417
416 418
417 419
418 420
419 421
420 422
421 423
422 424
423 425
424 426
425 427
426 428
427 429
428 430
429 431
430 432
431 433
432 434
433 435
434 436
435 437
436 438
437 439
438 440
439 441
440 442
441 443
442 444
443 445
444 446
445 447
446 448
447 449
448 450
449 451
450 452
451 453
452 454
453 455
454 456
455 457
456 458
457 459
458 460
459 461
460 462
461 463
462 464
463 465
464 466
465 467
466 468
467 469
468 470
469 471
470 472
471 473
472 474
473 474
474 475
475 476
476 477
477 478
478 479
479 480
480 481
481 482
482 483
483 484
484 485
485 486
486 487
487 488
488 489
489 490
490 490
491 491
492 492
493 493
494 494
495 495
496 496
497 497
498 498
499 499
500 500
501 501
502 502
503 503
504 504
505 505
506 506
507 506
508 507
509 508
510 509
511 510
512 511
513 512
514 513
515 514
516 515
517 516
518 517
519 518
520 519
521 520
522 521
523 522
524 522
525 523
526 524
527 525
528 526
529 527
530 528
531 529
532 530
533 531
534 532
535 533
536 534
537 535
538 536
539 537
540 538
541 538
542 539
543 540
544 541
545 542
546 543
547 544
548 545
549 546
550 547
551 548
552 549
553 550
554 551
555 552
556 553
557 554
558 555
559 555
560 556
561 557
562 558
563 559
564 560
565 561
566 562
567 563
568 564
569 565
570 566
571 567
572 568
573 569
574 570
575 571
576 571
577 572
578 573
579 574
580 575
581 576
582 577
583 578
584 579
585 580
586 581
587 582
588 583
589 584
590 585
591 586
592 587
593 587
594 588
595 589
596 590
597 591
598 592
599 593
600 594
601 595
602 596
603 597
604 598
605 599
606 600
607 601
608 602
609 603
610 603
611 604
612 605
613 606
614 607
615 608
616 609
617 610
618 611
619 612
620 613
621 614
622 615
623 616
624 617
625 618
626 619
627 619
628 620
629 621
630 622
631 623
632 624
633 625
634 626
635 627
636 628
637 629
638 630
639 631
640 632
641 633
642 634
643 635
644 636
645 636
646 637
647 638
648 639
649 640
650 641
651 642
652 643
653 644
654 645
655 646
656 647
657 648
658 649
659 650
660 651
661 652
662 653
663 654
664 655
665 656
666 657
667 658
668 659
669 660
670 661
671 662
672 663
673 664
674 665
675 666
676 667
677 668
678 669
679 670
680 671
681 672
682 673
683 674
684 675
685 676
686 677
687 678
688 679
689 680
690 681
691 682
692 683
693 683
694 684
695 685
696 686
697 687
698 688
699 689
700 690
701 691
702 692
703 693
704 694
705 695
706 696
707 697
708 698
709 699
710 700
711 701
712 702
713 703
714 704
715 705
716 706
717 707
718 708
719 709
720 710
721 711
722 712
723 713
724 714
725 715
726 716
727 717
728 718
729 719
730 720
731 721
732 722
733 723
734 724
735 725
736 726
737 727
738 728
739 729
740 730
741 731
742 732
743 733
744 734
745 735
746 736
747 737
748 738
749 739
750 740
751 741
752 742
753 743
754 744
755 745
756 746
757 747
758 748
759 749
760 750
761 751
762 752
763 753
764 754
765 755
766 756
767 757
768 758
769 759
770 760
771 761
772 762
773 763
774 764
775 765
776 766
777 767
778 768
779 769
780 770
781 771
782 772
783 774
784 775
785 776
786 777
787 778
788 779
789 780
790 781
791 782
792 783
793 784
794 785
795 786
796 787
797 788
798 789
799 790
800 791
801 792
802 793
803 794
804 795
805 796
806 797
807 798
808 799
809 800
810 801
811 802
812 803
813 804
814 805
815 806
816 807
817 808
818 809
819 810
820 811
821 812
822 813
823 814
824 815
825 816
826 818
827 818
828 819
829 820
830 821
831 822
832 823
833 824
834 825
835 826
836 827
837 828
838 829
839 830
840 831
841 832
842 833
843 834
844 835
845 836
846 837
847 838
848 839
849 840
850 841
851 842
852 843
853 844
854 845
855 846
856 847
857 848
858 849
859 850
860 851
861 852
862 853
863 854
864 855
865 856
866 857
867 858
868 859
869 860
870 861
871 862
872 863
873 864
874 865
875 865
876 866
877 867
878 868
879 869
880 870
881 871
882 872
883 873
884 874
885 875
886 876
887 877
888 878
889 879
890 880
891 881
892 882
893 883
894 884
895 885
896 886
897 887
898 888
899 889
900 890
901 891
902 892
903 893
904 894
905 895
906 896
907 897
908 898
909 899
910 900
911 901
912 902
913 903
914 904
915 905
916 906
917 907
918 908
919 909
920 910
921 911
922 912
923 912
924 913
925 914
926 915
927 916
928 917
929 918
930 919
931 920
932 921
933 922
934 923
935 923
936 924
937 925
938 926
939 927
940 928
941 929
942 930
943 931
944 932
945 933
946 934
947 934
948 935
949 936
950 937
951 938
952 939
953 940
954 941
955 942
956 943
957 944
958 945
959 945
960 946
961 947
962 948
963 949
964 950
965 951
966 952
967 953
968 954
969 955
970 956
971 956
972 957
973 958
974 959
975 960
976 961
977 962
978 963
979 964
980 965
981 966
982 967
983 967
984 968
985 969
986 970
987 971
988 972
989 973
990 974
991 975
992 976
993 977
994 978
995 978
996 979
997 980
998 981
999 982
1000 983
1001 984
1002 985
1003 986
1004 987
1005 988
1006 989
1007 990
1008 990
1009 991
1010 992
1011 993
1012 994
1013 995
1014 996
1015 997
1016 998
1017 999
1018 1000
1019 1001
1020 1001
1021 1002
1022 1003
1023 1004
1024 1005
1025 1006
1026 1007
1027 1008
1028 1009
1029 1010
1030 1011
1031 1012
1032 1012
1033 1013
1034 1014
1035 1015
1036 1016
1037 1017
1038 1018
1039 1019
1040 1020
1041 1021
1042 1022
1043 1023
1044 1023
1045 1024
1046 1025
1047 1026
1048 1027
1049 1028
1050 1029
1051 1030
1052 1031
1053 1032
1054 1033
1055 1034
1056 1034
1057 1035
1058 1036
1059 1037
1060 1038
1061 1039
1062 1040
1063 1041
1064 1042
1065 1043
1066 1044
1067 1045
1068 1045
1069 1046
1070 1047
1071 1048
1072 1049
1073 1050
1074 1051
1075 1052
1076 1053
1077 1054
1078 1055
1079 1056
1080 1056
1081 1057
1082 1058
1083 1059
1084 1060
1085 1061
1086 1062
1087 1063
1088 1064
1089 1065
1090 1066
1091 1067
1092 1068
1093 1069
1094 1070
1095 1071
1096 1072
1097 1073
1098 1074
1099 1075
1100 1077
1101 1078
1102 1079
1103 1080
1104 1081
1105 1082
1106 1083
1107 1085
1108 1086
1109 1087
1110 1088
1111 1089
1112 1090
1113 1091
1114 1093
1115 1094
1116 1095
1117 1096
1118 1097
1119 1098
1120 1099
1121 1101
1122 1102
1123 1103
1124 1104
1125 1105
1126 1106
1127 1107
1128 1109
1129 1110
1130 1111
1131 1112
1132 1113
1133 1114
1134 1115
1135 1116
1136 1118
1137 1119
1138 1120
1139 1121
1140 1122
1141 1123
1142 1124
1143 1126
1144 1127
1145 1128
1146 1129
1147 1130
1148 1131
1149 1132
1150 1134
1151 1135
1152 1136
1153 1137
1154 1138
1155 1139
1156 1140
1157 1142
1158 1143
1159 1144
1160 1145
1161 1146
1162 1147
1163 1148
1164 1150
1165 1151
1166 1152
1167 1153
1168 1154
1169 1155
1170 1156
1171 1157
1172 1158
1173 1159
1174 1160
1175 1161
1176 1162
1177 1163
1178 1164
1179 1165
1180 1166
1181 1167
1182 1168
1183 1169
1184 1170
1185 1171
1186 1172
1187 1173
1188 1174
1189 1175
1190 1176
1191 1177
1192 1178
1193 1179
1194 1180
1195 1181
1196 1182
1197 1183
1198 1184
1199 1185
1200 1186
1201 1187
1202 1188
1203 1189
1204 1190
1205 1191
1206 1192
1207 1193
1208 1194
1209 1195
1210 1196
1211 1197
1212 1198
1213 1199
1214 1200
1215 1201
1216 1202
1217 1203
1218 1204
1219 1205
1220 1206
1221 1207
1222 1208
1223 1209
1224 1210
1225 1211
1226 1212
1227 1213
1228 1214
1229 1215
1230 1216
1231 1217
1232 1218
1233 1219
1234 1220
1235 1221
1236 1222
1237 1223
1238 1224
1239 1225
1240 1226
1241 1227
1242 1228
1243 1229
1244 1230
1245 1231
1246 1232
1247 1233
1248 1234
1249 1235
1250 1236
1251 1237
1252 1238
1253 1239
1254 1240
1255 1241
1256 1242
1257 1243
1258 1244
1259 1245
1260 1246
1261 1247
1262 1248
1263 1249
1264 1250
1265 1251
1266 1252
1267 1253
1268 1254
1269 1255
1270 1256
1271 1257
1272 1258
1273 1259
1274 1260
1275 1261
1276 1262
1277 1262
1278 1263
1279 1264
1280 1265
1281 1266
1282 1267
1283 1268
1284 1269
1285 1270
1286 1271
1287 1272
1288 1273
1289 1274
1290 1275
1291 1276
1292 1277
1293 1278
1294 1279
1295 1280
1296 1281
1297 1282
1298 1283
1299 1284
1300 1285
1301 1286
1302 1287
1303 1288
1304 1289
1305 1290
1306 1291
1307 1292
1308 1293
1309 1294
1310 1295
1311 1296
1312 1297
1313 1298
1314 1299
1315 1299
1316 1300
1317 1301
1318 1302
1319 1303
1320 1304
1321 1305
1322 1306
1323 1307
1324 1308
1325 1309
1326 1310
1327 1311
1328 1312
1329 1313
1330 1314
1331 1315
1332 1316
1333 1317
1334 1318
1335 1319
1336 1320
1337 1321
1338 1322
1339 1323
1340 1324
1341 1325
1342 1326
1343 1327
1344 1328
1345 1329
1346 1330
1347 1331
1348 1332
1349 1333
1350 1334
1351 1335
1352 1336
1353 1337
1354 1338
1355 1339
1356 1340
1357 1341
1358 1342
1359 1343
1360 1344
1361 1345
1362 1346
1363 1347
1364 1348
1365 1349
1366 1350
1367 1351
1368 1352
1369 1353
1370 1354
1371 1355
1372 1356
1373 1357
1374 1358
1375 1359
1376 1360
1377 1361
1378 1362
1379 1363
1380 1364
1381 1365
1382 1366
1383 1367
1384 1368
1385 1369
1386 1370
1387 1371
1388 1372
1389 1373
1390 1374
1391 1375
1392 1376
1393 1377
1394 1378
1395 1379
1396 1380
1397 1381
1398 1382
1399 1383
1400 1384
1401 1385
1402 1386
1403 1387
1404 1388
1405 1389
1406 1390
1407 1391
1408 1392
1409 1393
1410 1394
1411 1395
1412 1396
1413 1397
1414 1398
1415 1399
1416 1400
1417 1401
1418 1402
1419 1403
1420 1404
1421 1404
1422 1405
1423 1406
1424 1407
1425 1408
1426 1409
1427 1410
1428 1411
1429 1412
1430 1413
1431 1414
1432 1415
1433 1416
1434 1417
1435 1418
1436 1419
1437 1420
1438 1421
1439 1422
1440 1423
1441 1424
1442 1425
1443 1426
1444 1427
1445 1427
1446 1428
1447 1429
1448 1430
1449 1431
1450 1432
1451 1433
1452 1434
1453 1435
1454 1436
1455 1437
1456 1438
1457 1439
1458 1440
1459 1441
1460 1442
1461 1443
1462 1444
1463 1445
1464 1446
1465 1447
1466 1448
1467 1449
1468 1450
1469 1450
1470 1451
1471 1452
1472 1453
1473 1454
1474 1455
1475 1456
1476 1457
1477 1458
1478 1459
1479 1460
1480 1461
1481 1462
1482 1463
1483 1464
1484 1465
1485 1466
1486 1467
1487 1468
1488 1469
1489 1470
1490 1471
1491 1472
1492 1473
1493 1473
1494 1474
1495 1475
1496 1476
1497 1477
1498 1478
1499 1479
1500 1480
1501 1481
1502 1482
1503 1483
1504 1484
1505 1485
1506 1486
1507 1487
1508 1488
1509 1489
1510 1490
1511 1491
1512 1492
1513 1493
1514 1494
1515 1495
1516 1496
1517 1497
1518 1498
1519 1499
1520 1500
1521 1501
1522 1502
1523 1503
1524 1504
1525 1505
1526 1506
1527 1507
1528 1508
1529 1509
1530 1510
1531 1511
1532 1512
1533 1513
1534 1514
1535 1515
1536 1516
1537 1517
1538 1518
1539 1519
1540 1520
1541 1521
1542 1522
1543 1523
1544 1524
1545 1525
1546 1527
1547 1528
1548 1529
1549 1530
1550 1531
1551 1532
1552 1533
1553 1534
1554 1535
1555 1536
1556 1537
1557 1538
1558 1539
1559 1540
1560 1541
1561 1542
1562 1543
1563 1544
1564 1545
1565 1546
1566 1547
1567 1548
1568 1549
1569 1550
1570 1551
1571 1552
1572 1553
1573 1554
1574 1555
1575 1556
1576 1558
1577 1559
1578 1560
1579 1561
1580 1562
1581 1563
1582 1564
1583 1565
1584 1566
1585 1567
1586 1568
1587 1569
1588 1570
1589 1571
1590 1572
1591 1573
1592 1574
1593 1575
1594 1576
1595 1577
1596 1578
1597 1579
1598 1580
1599 1581
1600 1582
1601 1583
1602 1584
1603 1585
1604 1586
1605 1587
1606 1589
1607 1590
1608 1591
1609 1592
1610 1593
1611 1594
1612 1595
1613 1596
1614 1597
1615 1598
1616 1599
1617 1600
1618 1601
1619 1602
1620 1603
1621 1604
1622 1605
1623 1606
1624 1607
1625 1608
1626 1609
1627 1610
1628 1611
1629 1612
1630 1613
1631 1614
1632 1615
1633 1616
1634 1617
1635 1618
1636 1620
1637 1621
1638 1622
1639 1623
1640 1624
1641 1625
1642 1626
1643 1627
1644 1628
1645 1629
1646 1631
1647 1632
1648 1633
1649 1634
1650 1635
1651 1636
1652 1637
1653 1638
1654 1639
1655 1641
1656 1642
1657 1643
1658 1644
1659 1645
1660 1646
1661 1647
1662 1648
1663 1649
1664 1651
1665 1652
1666 1653
1667 1654
1668 1655
1669 1656
1670 1657
1671 1658
1672 1659
1673 1661
1674 1662
1675 1663
1676 1664
1677 1665
1678 1666
1679 1667
1680 1668
1681 1669
1682 1671
1683 1672
1684 1673
1685 1674
1686 1675
1687 1676
1688 1677
1689 1678
1690 1679
1691 1681
1692 1682
1693 1683
1694 1684
1695 1685
1696 1686
1697 1687
1698 1688
1699 1689
1700 1690
1701 1692
1702 1693
1703 1694
1704 1695
1705 1696
1706 1697
1707 1698
1708 1699
1709 1700
1710 1702
1711 1703
1712 1704
1713 1705
1714 1706
1715 1707
1716 1708
1717 1709
1718 1710
1719 1712
1720 1713
1721 1714
1722 1715
1723 1716
1724 1717
1725 1718
1726 1719
1727 1720
1728 1722
1729 1723
1730 1724
1731 1725
1732 1726
1733 1727
1734 1728
1735 1729
1736 1730
1737 1732
1738 1733
1739 1734
1740 1735
1741 1736
1742 1737
1743 1738
1744 1739
1745 1740
1746 1742
1747 1743
1748 1744
1749 1745
1750 1746
1751 1747
1752 1748
1753 1749
1754 1750
1755 1752
1756 1753
1757 1754
1758 1755
1759 1756
1760 1757
1761 1758
1762 1759
1763 1760
1764 1762
1765 1763
1766 1764
1767 1765
1768 1766
1769 1767
1770 1768
1771 1769
1772 1770
1773 1772
1774 1773
1775 1774
1776 1775
1777 1776
1778 1777
1779 1778
1780 1779
1781 1780
1782 1782
1783 1783
1784 1784
1785 1785
1786 1786
1787 1787
1788 1788
1789 1789
1790 1790
1791 1792
1792 1793
1793 1794
1794 1795
1795 1796
1796 1797
1797 1798
1798 1799
1799 1800
1800 1802
1801 1802
1802 1803
1803 1804
1804 1805
1805 1806
1806 1807
1807 1808
1808 1809
1809 1810
1810 1811
1811 1812
1812 1813
1813 1814
1814 1815
1815 1816
1816 1817
1817 1818
1818 1819
1819 1820
1820 1820
1821 1821
1822 1822
1823 1823
1824 1824
1825 1825
1826 1826
1827 1827
1828 1828
1829 1829
1830 1830
1831 1831
1832 1832
1833 1833
1834 1834
1835 1835
1836 1836
1837 1837
1838 1838
1839 1838
1840 1839
1841 1840
1842 1841
1843 1842
1844 1843
1845 1844
1846 1845
1847 1846
1848 1847
1849 1848
1850 1849
1851 1850
1852 1851
1853 1852
1854 1853
1855 1854
1856 1855
1857 1856
1858 1856
1859 1857
1860 1858
1861 1859
1862 1860
1863 1861
1864 1862
1865 1863
1866 1864
1867 1865
1868 1866
1869 1867
1870 1868
1871 1869
1872 1870
1873 1871
1874 1872
1875 1873
