0 0
1 1
2 2
3 3
4 4
5 5
6 6
7 7
8 8
9 9
10 10
11 11
12 12
13 13
14 14
15 15
16 16
17 17
18 18
19 19
20 20
21 21
22 22
23 23
24 25
25 26
26 27
27 28
28 29
29 30
30 31
31 32
32 33
33 34
34 35
35 36
36 37
37 38
38 39
39 40
40 41
41 42
42 43
43 44
44 45
45 46
46 47
47 48
48 50
49 51
50 52
51 53
52 54
53 55
54 56
55 57
56 58
57 59
58 60
59 61
60 62
61 63
62 64
63 65
64 66
65 67
66 68
67 69
68 70
69 71
70 72
71 74
72 74
73 75
74 76
75 77
76 78
77 79
78 80
79 81
80 82
81 82
82 83
83 84
84 85
85 86
86 87
87 88
88 89
89 90
90 91
91 91
92 92
93 93
94 94
95 95
96 96
97 97
98 98
99 99
100 100
101 100
102 101
103 102
104 103
105 104
106 105
107 106
108 107
109 108
110 109
111 109
112 110
113 111
114 112
115 113
116 114
117 115
118 116
119 117
120 118
121 118
122 119
123 120
124 121
125 122
126 123
127 124
128 125
129 126
130 127
131 128
132 129
133 130
134 131
135 132
136 133
137 134
138 135
139 136
140 137
141 138
142 139
143 140
144 141
145 142
146 143
147 144
148 145
149 146
150 147
151 148
152 149
153 150
154 151
155 152
156 153
157 154
158 155
159 156
160 157
161 158
162 159
163 160
164 161
165 162
166 163
167 164
168 166
169 167
170 168
171 169
172 170
173 171
174 172
175 173
176 174
177 175
178 176
179 178
180 179
181 180
182 181
183 182
184 183
185 184
186 185
187 186
188 187
189 188
190 190
191 191
192 192
193 193
194 194
195 195
196 196
197 197
198 198
199 199
200 200
201 202
202 203
203 204
204 205
205 206
206 207
207 208
208 209
209 210
210 211
211 212
212 213
213 214
214 215
215 216
216 217
217 218
218 219
219 220
220 221
221 222
222 223
223 224
224 225
225 226
226 227
227 228
228 229
229 230
230 231
231 232
232 233
233 234
234 235
235 236
236 237
237 237
238 238
239 239
240 240
241 241
242 242
243 243
244 244
245 245
246 246
247 247
248 248
249 249
250 250
251 251
252 252
253 253
254 253
255 254
256 255
257 256
258 257
259 258
260 259
261 260
262 261
263 262
264 263
265 264
266 265
267 266
268 267
269 268
270 269
271 269
272 270
273 271
274 272
275 273
276 274
277 275
278 276
279 277
280 278
281 279
282 280
283 281
284 282
285 283
286 284
287 285
288 285
289 286
290 287
291 288
292 289
293 290
294 291
295 292
296 293
297 294
298 295
299 296
300 297
301 298
302 299
303 300
304 301
305 301
306 302
307 303
308 304
309 305
310 306
311 307
312 308
313 309
314 310
315 311
316 312
317 313
318 314
319 315
320 316
321 317
322 318
323 318
324 319
325 320
326 321
327 322
328 323
329 324
330 325
331 326
332 327
333 328
334 329
335 330
336 331
337 332
338 333
339 334
340 335
341 336
342 337
343 338
344 339
345 340
346 341
347 342
348 343
349 344
350 345
351 346
352 347
353 348
354 349
355 350
356 351
357 352
358 353
359 354
360 355
361 356
362 357
363 358
364 359
365 360
366 361
367 362
368 363
369 364
370 365
371 366
372 367
373 368
374 369
375 370
376 371
377 372
378 373
379 374
380 375
381 376
382 377
383 378
384 379
385 380
386 381
387 382
388 383
389 384
390 385
391 386
392 387
393 388
394 389
395 390
396 391
397 392
398 393
399 394
400 395
401 396
402 397
403 398
404 399
405 400
406 401
407 402
408 403
409 404
410 405
411 406
412 407
413 409
414 409
415 410
416 411
417 412
418 413
419 414
420 415
421 416
422 417
423 418
424 419
425 420
426 421
427 422
428 423
429 424
430 425
431 426
432 427
433 428
434 429
435 430
436 431
437 432
438 433
439 434
440 435
441 436
442 437
443 438
444 439
445 440
446 441
447 442
448 443
449 444
450 445
451 446
452 447
453 448
454 449
455 450
456 451
457 452
458 453
459 454
460 455
461 456
462 456
463 457
464 458
465 459
466 460
467 461
468 462
469 463
470 464
471 465
472 466
473 467
474 467
475 468
476 469
477 470
478 471
479 472
480 473
481 474
482 475
483 476
484 477
485 478
486 478
487 479
488 480
489 481
490 482
491 483
492 484
493 485
494 486
495 487
496 488
497 489
498 489
499 490
500 491
501 492
502 493
503 494
504 495
505 496
506 497
507 498
508 499
509 500
510 500
511 501
512 502
513 503
514 504
515 505
516 506
517 507
518 508
519 509
520 510
521 511
522 511
523 512
524 513
525 514
526 515
527 516
528 517
529 518
530 519
531 520
532 521
533 522
534 522
535 523
536 524
537 525
538 526
539 527
540 528
541 529
542 530
543 531
544 532
545 533
546 534
547 535
548 536
549 537
550 538
551 539
552 540
553 541
554 543
555 544
556 545
557 546
558 547
559 548
560 549
561 551
562 552
563 553
564 554
565 555
566 556
567 557
568 559
569 560
570 561
571 562
572 563
573 564
574 565
575 567
576 568
577 569
578 570
579 571
580 572
581 573
582 575
583 576
584 577
585 578
586 579
587 580
588 581
589 582
590 583
591 584
592 585
593 586
594 587
595 588
596 589
597 590
598 591
599 592
600 593
601 594
602 595
603 596
604 597
605 598
606 599
607 600
608 601
609 602
610 603
611 604
612 605
613 606
614 607
615 608
616 609
617 610
618 611
619 612
620 613
621 614
622 615
623 616
624 617
625 618
626 619
627 620
628 621
629 622
630 623
631 624
632 625
633 626
634 627
635 628
636 629
637 630
638 631
639 631
640 632
641 633
642 634
643 635
644 636
645 637
646 638
647 639
648 640
649 641
650 642
651 643
652 644
653 645
654 646
655 647
656 648
657 649
658 650
659 651
660 652
661 653
662 654
663 655
664 656
665 657
666 658
667 659
668 660
669 661
670 662
671 663
672 664
673 665
674 666
675 667
676 668
677 669
678 670
679 671
680 672
681 673
682 674
683 675
684 676
685 677
686 678
687 679
688 680
689 681
690 682
691 683
692 684
693 685
694 686
695 687
696 688
697 689
698 690
699 691
700 692
701 693
702 694
703 695
704 696
705 697
706 698
707 699
708 700
709 701
710 702
711 702
712 703
713 704
714 705
715 706
716 707
717 708
718 709
719 710
720 711
721 712
722 713
723 714
724 715
725 716
726 717
727 718
728 719
729 720
730 721
731 722
732 723
733 724
734 725
735 725
736 726
737 727
738 728
739 729
740 730
741 731
742 732
743 733
744 734
745 735
746 736
747 737
748 738
749 739
750 740
751 741
752 742
753 743
754 744
755 745
756 746
757 747
758 748
759 749
760 750
761 751
762 752
763 753
764 754
765 755
766 756
767 757
768 758
769 759
770 760
771 761
772 762
773 763
774 764
775 765
776 766
777 767
778 768
779 769
780 770
781 771
782 772
783 773
784 774
785 775
786 776
787 777
788 779
789 780
790 781
791 782
792 783
793 784
794 785
795 786
796 787
797 788
798 789
799 790
800 791
801 792
802 793
803 794
804 795
805 796
806 797
807 798
808 799
809 800
810 801
811 802
812 803
813 804
814 805
815 806
816 807
817 808
818 810
819 811
820 812
821 813
822 814
823 815
824 816
825 817
826 818
827 819
828 821
829 822
830 823
831 824
832 825
833 826
834 827
835 828
836 829
837 831
838 832
839 833
840 834
841 835
842 836
843 837
844 838
845 839
846 841
847 842
848 843
849 844
850 845
851 846
852 847
853 848
854 849
855 851
856 852
857 853
858 854
859 855
860 856
861 857
862 858
863 859
864 861
865 862
866 863
867 864
868 865
869 866
870 867
871 868
872 869
873 871
874 872
875 873
876 874
877 875
878 876
879 877
880 878
881 879
882 881
883 882
884 883
885 884
886 885
887 886
888 887
889 888
890 889
891 891
892 892
893 893
894 894
895 895
896 896
897 897
898 898
899 899
900 901
901 901
902 902
903 903
904 904
905 905
906 906
907 907
908 908
909 909
910 910
911 911
912 912
913 913
914 914
915 915
916 916
917 917
918 918
919 919
920 919
921 920
922 921
923 922
924 923
925 924
926 925
927 926
928 927
929 928
930 929
931 930
932 931
933 932
934 933
935 934
936 935
937 936
