0 0
1 0
2 1
3 2
4 3
5 4
6 5
7 6
8 7
9 8
10 9
11 10
12 11
13 12
14 13
15 14
16 15
17 16
18 17
19 18
20 19
21 20
22 21
23 22
24 23
25 24
26 25
27 26
28 27
29 28
30 29
31 30
32 31
33 32
34 33
35 34
36 35
37 36
38 37
39 37
40 38
41 39
42 40
43 41
44 42
45 43
46 44
47 45
48 46
49 47
50 48
51 49
52 50
53 51
54 52
55 53
56 54
57 55
58 56
59 57
60 58
61 59
62 60
63 61
64 62
65 63
66 64
67 65
68 66
69 67
70 68
71 69
72 70
73 71
74 72
75 73
76 74
77 75
78 76
79 78
80 79
81 80
82 82
83 83
84 84
85 86
86 87
87 88
88 90
89 91
90 92
91 94
92 95
93 96
94 98
95 99
96 100
97 102
98 103
99 104
100 106
101 107
102 108
103 110
104 111
105 112
106 114
107 115
108 116
109 118
110 119
111 120
112 121
113 122
114 123
115 124
116 125
117 126
118 127
119 128
120 129
121 130
122 131
123 132
124 133
125 134
126 136
127 137
128 138
129 139
130 140
131 141
132 142
133 143
134 144
135 145
136 146
137 147
138 148
139 149
140 150
141 151
142 153
143 154
144 155
145 156
146 157
147 158
148 159
149 160
150 161
151 162
152 163
153 164
154 165
155 166
156 167
157 168
158 169
159 170
160 171
161 172
162 173
163 174
164 175
165 176
166 178
167 179
168 180
169 181
170 182
171 183
172 184
173 185
174 186
175 187
176 188
177 189
178 190
179 191
180 192
181 193
182 194
183 195
184 196
185 197
186 198
187 199
188 200
189 202
190 203
191 204
192 205
193 206
194 208
195 209
196 210
197 211
198 212
199 214
200 215
201 216
202 217
203 218
204 220
205 221
206 222
207 223
208 224
209 226
210 227
211 228
212 229
213 230
214 232
215 233
216 234
217 235
218 237
219 238
220 239
221 240
222 241
223 242
224 243
225 244
226 245
227 246
228 247
229 248
230 249
231 250
232 251
233 252
234 253
235 254
236 255
237 256
238 257
239 258
240 259
241 260
242 261
243 262
244 264
245 265
246 266
247 267
248 268
249 269
250 270
251 271
252 272
253 273
254 274
255 275
256 276
257 277
258 278
259 279
260 280
261 281
262 282
263 283
264 284
265 285
266 286
267 287
268 288
269 289
270 291
271 292
272 293
273 294
274 295
275 296
276 297
277 298
278 299
279 300
280 301
281 302
282 303
283 304
284 305
285 306
286 307
287 308
288 309
289 310
290 311
291 312
292 313
293 314
294 315
295 316
296 318
297 319
298 320
299 321
300 322
301 323
302 324
303 325
304 326
305 327
306 328
307 329
308 330
309 331
310 332
311 333
312 334
313 335
314 336
315 337
316 338
317 339
318 340
319 342
320 343
321 344
322 345
323 346
324 347
325 348
326 349
327 350
328 351
329 352
330 353
331 354
332 355
333 356
334 357
335 358
336 359
337 360
338 361
339 362
340 363
341 365
342 366
343 367
344 368
345 369
346 370
347 371
348 372
349 374
350 375
351 376
352 377
353 378
354 379
355 380
356 381
357 383
358 384
359 385
360 386
361 387
362 388
363 389
364 390
365 392
366 393
367 394
368 395
369 396
370 397
371 398
372 399
373 401
374 402
375 403
376 404
377 405
378 406
379 407
380 409
381 410
382 411
383 412
384 413
385 414
386 415
387 416
388 417
389 419
390 420
391 421
392 422
393 423
394 424
395 425
396 426
397 428
398 429
399 430
400 431
401 432
402 433
403 434
404 435
405 436
406 438
407 439
408 440
409 441
410 442
411 443
412 444
413 445
414 447
415 448
416 449
417 450
418 451
419 452
420 453
421 454
422 456
423 457
424 458
425 459
426 460
427 461
428 462
429 463
430 464
431 465
432 466
433 467
434 468
435 469
436 470
437 471
438 472
439 473
440 474
441 476
442 477
443 478
444 479
445 480
446 481
447 482
448 483
449 484
450 485
451 486
452 487
453 488
454 489
455 490
456 491
457 492
458 493
459 495
460 496
461 497
462 498
463 499
464 500
465 501
466 502
467 503
468 504
469 505
470 506
471 507
472 508
473 509
474 510
475 511
476 512
477 513
478 515
479 516
480 517
481 518
482 519
483 520
484 521
485 522
486 523
487 524
488 525
489 526
490 527
491 528
492 529
493 530
494 531
495 532
496 534
497 535
498 536
499 537
500 538
501 539
502 540
503 541
504 542
505 543
506 544
507 545
508 546
509 547
510 548
511 549
512 550
513 551
514 552
515 553
516 554
517 555
518 556
519 557
520 558
521 559
522 560
523 561
524 562
525 563
526 564
527 565
528 566
529 567
530 568
531 569
532 570
533 571
534 572
535 573
536 575
537 576
538 577
539 578
540 579
541 580
542 581
543 582
544 583
545 584
546 585
547 586
548 587
549 588
550 589
551 590
552 591
553 592
554 593
555 594
556 595
557 596
558 597
559 598
560 599
561 600
562 601
563 602
564 603
565 604
566 605
567 606
568 607
569 608
570 609
571 610
572 611
573 612
574 613
575 614
576 615
577 616
578 617
579 618
580 619
581 620
582 621
583 622
584 623
585 624
586 625
587 626
588 627
589 628
590 629
591 630
592 631
593 632
594 633
595 634
596 635
597 636
598 637
599 638
600 639
601 641
602 642
603 643
604 644
605 645
606 646
607 647
608 648
609 650
610 651
611 652
612 653
613 654
614 655
615 656
616 657
617 659
618 660
619 661
620 662
621 663
622 664
623 665
624 666
625 668
626 669
627 670
628 671
629 672
630 673
631 674
632 675
633 676
634 677
635 678
636 679
637 680
638 681
639 682
640 683
641 684
642 685
643 686
644 687
645 688
646 689
647 690
648 691
649 692
650 693
651 694
652 695
653 696
654 697
655 698
656 699
657 700
658 701
659 702
660 702
661 703
662 704
663 705
664 706
665 707
666 708
667 709
668 710
669 711
670 712
671 713
672 714
673 715
674 716
675 717
676 718
677 719
678 720
679 721
680 722
681 723
682 724
683 725
684 725
685 726
686 727
687 728
688 729
689 730
690 731
691 732
692 733
693 734
694 735
695 736
696 737
697 738
698 739
699 740
700 741
701 742
702 743
703 744
704 745
705 746
706 747
707 748
708 749
709 750
710 751
711 752
712 753
713 754
714 755
715 757
716 758
717 759
718 760
719 761
720 762
721 763
722 764
723 766
724 767
725 768
726 769
727 770
728 771
729 772
730 773
731 775
732 776
733 777
734 778
735 779
736 780
737 781
738 782
739 784
740 785
741 786
742 787
743 788
744 789
745 790
746 791
747 793
748 794
749 795
750 796
751 797
752 798
753 799
754 800
755 802
756 803
757 804
758 805
759 806
760 807
761 808
762 810
763 811
764 812
765 813
766 814
767 815
768 816
769 817
770 818
771 819
772 820
773 821
774 822
775 823
776 824
777 825
778 826
779 827
780 828
781 829
782 830
783 831
784 832
785 833
786 834
787 835
788 836
789 837
790 838
791 839
792 840
793 841
794 842
795 843
796 844
797 845
798 846
799 847
800 848
801 849
802 850
803 851
804 852
805 853
806 854
807 855
808 856
809 857
810 858
811 859
812 860
813 861
814 862
815 863
816 864
817 865
818 866
819 867
820 868
821 869
822 870
823 871
824 871
825 872
826 873
827 874
828 875
829 876
830 877
831 878
832 879
833 880
834 881
835 882
836 883
837 884
838 885
839 886
840 887
841 888
842 889
843 890
844 891
845 892
846 893
847 894
848 895
849 896
850 897
851 898
852 899
853 900
854 901
855 902
856 904
857 905
858 907
859 908
860 910
861 911
862 913
863 914
864 916
865 917
866 919
867 920
868 922
869 923
870 925
871 926
872 928
873 929
874 931
875 932
876 934
877 935
