0 0
1 0
2 1
3 2
4 3
5 4
6 5
7 6
8 7
9 8
10 9
11 10
12 11
13 12
14 13
15 14
16 15
17 16
18 17
19 17
20 18
21 19
22 20
23 21
24 22
25 23
26 24
27 25
28 26
29 27
30 28
31 29
32 30
33 31
34 32
35 33
36 34
37 34
38 35
39 36
40 37
41 38
42 39
43 40
44 41
45 42
46 43
47 44
48 45
49 46
50 47
51 48
52 49
53 50
54 51
55 51
56 52
57 53
58 54
59 55
60 56
61 57
62 58
63 59
64 60
65 61
66 62
67 63
68 64
69 65
70 66
71 67
72 68
73 69
74 69
75 70
76 71
77 72
78 72
79 73
80 74
81 75
82 76
83 76
84 77
85 78
86 79
87 80
88 80
89 81
90 82
91 83
92 84
93 84
94 85
95 86
96 87
97 87
98 88
99 89
100 90
101 91
102 91
103 92
104 93
105 94
106 95
107 95
108 96
109 97
110 98
111 99
112 99
113 100
114 101
115 102
116 102
117 103
118 104
119 105
120 106
121 106
122 107
123 108
124 109
125 110
126 110
127 111
128 112
129 113
130 114
131 114
132 115
133 116
134 117
135 117
136 118
137 119
138 120
139 121
140 121
141 122
142 123
143 124
144 125
145 125
146 126
147 127
148 128
149 129
150 129
151 130
152 131
153 132
154 132
155 133
156 134
157 135
158 136
159 136
160 137
161 138
162 139
163 140
164 140
165 141
166 142
167 143
168 144
169 144
170 145
171 146
172 147
173 147
174 148
175 149
176 150
177 151
178 151
179 152
180 153
181 154
182 155
183 155
184 156
185 157
186 158
187 159
188 159
189 160
190 161
191 162
192 162
193 163
194 164
195 165
196 166
197 166
198 167
199 168
200 169
201 170
202 170
203 171
204 172
205 173
206 174
207 174
208 175
209 176
210 177
211 177
212 178
213 179
214 180
215 181
216 181
217 182
218 183
219 184
220 185
221 185
222 186
223 187
224 188
225 189
226 189
227 190
228 191
229 192
230 192
231 193
232 194
233 195
234 196
235 196
236 197
237 198
238 199
239 200
240 200
241 201
242 202
243 203
244 204
245 204
246 205
247 206
248 207
249 207
250 208
251 209
252 210
253 211
254 211
255 212
256 213
257 214
258 215
259 215
260 216
261 217
262 218
263 219
264 219
265 220
266 221
267 222
268 223
269 223
270 224
271 225
272 226
273 227
274 228
275 228
276 229
277 230
278 231
279 232
280 233
281 233
282 234
283 235
284 236
285 237
286 238
287 238
288 239
289 240
290 241
291 242
292 242
293 243
294 244
295 245
296 246
297 247
298 247
299 248
300 249
301 250
302 251
303 252
304 252
305 253
306 254
307 255
308 256
309 257
310 257
311 258
312 259
313 260
314 261
315 261
316 262
317 263
318 264
319 265
320 266
321 266
322 267
323 268
324 269
325 270
326 271
327 271
328 272
329 273
330 274
331 275
332 276
333 276
334 277
335 278
336 279
337 280
338 280
339 281
340 282
341 283
342 284
343 285
344 285
345 286
346 287
347 288
348 289
349 290
350 290
351 291
352 292
353 293
354 294
355 295
356 295
357 296
358 297
359 298
360 299
361 299
362 300
363 301
364 302
365 303
366 304
367 304
368 305
369 306
370 307
371 308
372 309
373 309
374 310
375 311
376 312
377 313
378 314
379 314
380 315
381 316
382 317
383 318
384 318
385 319
386 320
387 321
388 322
389 323
390 323
391 324
392 325
393 326
394 327
395 328
396 328
397 329
398 330
399 331
400 332
401 333
402 333
403 334
404 335
405 336
406 337
407 337
408 338
409 339
410 340
411 341
412 342
413 342
414 343
415 344
416 345
417 346
418 347
419 347
420 348
421 349
422 350
423 351
424 352
425 352
426 353
427 354
428 355
429 356
430 357
431 358
432 359
433 360
434 361
435 362
436 363
437 364
438 365
439 366
440 367
441 368
442 369
443 370
444 371
445 372
446 373
447 374
448 375
449 376
450 377
451 378
452 379
453 380
454 381
455 382
456 383
457 383
458 384
459 385
460 386
461 387
462 388
463 389
464 390
465 391
466 392
467 393
468 394
469 395
470 396
471 397
472 398
473 399
474 400
475 401
476 402
477 403
478 404
479 405
480 406
481 407
482 408
483 409
484 410
485 411
486 412
487 413
488 414
489 415
490 415
491 416
492 417
493 418
494 419
495 420
496 421
497 422
498 423
499 424
500 425
501 426
502 427
503 428
504 429
505 430
506 431
507 432
508 433
509 434
510 435
511 436
512 437
513 438
514 439
515 440
516 441
517 442
518 443
519 444
520 445
521 446
522 447
523 447
524 448
525 449
526 450
527 451
528 452
529 453
530 454
531 455
532 456
533 457
534 458
535 459
536 460
537 461
538 462
539 463
540 464
541 465
542 466
543 467
544 468
545 469
546 470
547 471
548 472
549 473
550 474
551 475
552 476
553 477
554 478
555 478
556 479
557 480
558 481
559 482
560 483
561 484
562 485
563 486
564 487
565 488
566 489
567 490
568 491
569 492
570 493
571 494
572 495
573 496
574 497
575 498
576 499
577 500
578 501
579 502
580 503
581 504
582 505
583 506
584 507
585 508
586 509
587 510
588 510
589 511
590 512
591 513
592 514
593 515
594 516
595 517
596 518
597 519
598 520
599 521
600 522
601 523
602 524
603 525
604 526
605 527
606 528
607 529
608 530
609 531
610 532
611 533
612 534
613 535
614 536
615 537
616 538
617 539
618 540
619 541
620 542
621 542
622 543
623 544
624 545
625 545
626 546
627 547
628 548
629 549
630 549
631 550
632 551
633 552
634 553
635 553
636 554
637 555
638 556
639 556
640 557
641 558
642 559
643 560
644 560
645 561
646 562
647 563
648 564
649 564
650 565
651 566
652 567
653 568
654 568
655 569
656 570
657 571
658 571
659 572
660 573
661 574
662 575
663 575
664 576
665 577
666 578
667 579
668 579
669 580
670 581
671 582
672 582
673 583
674 584
675 585
676 586
677 586
678 587
679 588
680 589
681 590
682 590
683 591
684 592
685 593
686 594
687 594
688 595
689 596
690 597
691 597
692 598
693 599
694 600
695 601
696 601
697 602
698 603
699 604
700 605
701 605
702 606
703 607
704 608
705 609
706 609
707 610
708 611
709 612
710 612
711 613
712 614
713 615
714 616
715 616
716 617
717 618
718 619
719 620
720 620
721 621
722 622
723 623
724 623
725 624
726 625
727 626
728 627
729 627
730 628
731 629
732 630
733 631
734 631
735 632
736 633
737 634
738 635
739 635
740 636
741 637
742 638
743 638
744 639
745 640
746 641
747 642
748 642
749 643
750 644
751 645
752 646
753 646
754 647
755 648
756 649
757 649
758 650
759 651
760 652
761 653
762 653
763 654
764 655
765 656
766 657
767 657
768 658
769 659
770 660
771 661
772 661
773 662
774 663
775 664
776 664
777 665
778 666
779 667
780 668
781 668
782 669
783 670
784 671
785 672
786 672
787 673
788 674
789 675
790 676
791 676
792 677
793 678
794 679
795 679
796 680
797 681
798 682
799 683
800 683
801 684
802 685
803 686
804 687
805 687
806 688
807 689
808 690
809 690
810 691
811 692
812 693
813 694
814 694
815 695
816 696
817 697
818 698
819 698
820 699
821 700
822 701
823 702
824 702
825 703
826 704
827 705
828 705
829 706
830 707
831 708
832 709
833 709
834 710
835 711
836 712
837 713
838 713
839 714
840 715
841 716
842 716
843 717
844 718
845 719
846 720
847 720
848 721
849 722
850 723
851 724
852 724
853 725
854 726
855 727
856 728
857 728
858 729
859 730
860 731
861 731
862 732
863 733
864 734
865 735
866 735
867 736
868 737
869 738
870 739
871 739
872 740
873 741
874 742
875 743
876 743
877 744
878 745
879 746
880 746
881 747
882 748
883 749
884 750
885 750
886 751
887 752
888 753
889 754
890 754
891 755
892 756
893 757
894 757
895 758
896 759
897 760
898 761
899 761
900 762
901 763
902 764
903 765
904 765
905 766
906 767
907 768
908 769
909 769
910 770
911 771
912 772
913 772
914 773
915 774
916 775
917 776
918 776
919 777
920 778
921 779
922 780
923 780
924 781
925 782
926 783
927 784
928 784
929 785
930 786
931 787
932 788
933 788
934 789
935 790
936 791
937 792
938 792
939 793
940 794
941 795
942 796
943 797
944 797
945 798
946 799
947 800
948 801
949 801
950 802
951 803
952 804
953 805
954 806
955 806
956 807
957 808
958 809
959 810
960 810
961 811
962 812
963 813
964 814
965 815
966 815
967 816
968 817
969 818
970 819
971 819
972 820
973 821
974 822
975 823
976 824
977 824
978 825
979 826
980 827
981 828
982 828
983 829
984 830
985 831
986 832
987 832
988 833
989 834
990 835
991 836
992 837
993 837
994 838
995 839
996 840
997 841
998 841
999 842
1000 843
1001 844
1002 845
1003 846
1004 846
1005 847
1006 848
1007 849
1008 850
1009 850
1010 851
1011 852
1012 853
1013 854
1014 855
1015 855
1016 856
1017 857
1018 858
1019 859
1020 859
1021 860
1022 861
1023 862
1024 863
1025 864
1026 864
1027 865
1028 866
1029 867
1030 868
1031 868
1032 869
1033 870
1034 871
1035 872
1036 872
1037 873
1038 874
1039 875
1040 876
1041 877
1042 877
1043 878
1044 879
1045 880
1046 881
1047 881
1048 882
1049 883
1050 884
1051 885
1052 886
1053 886
1054 887
1055 888
1056 889
1057 890
1058 890
1059 891
1060 892
1061 893
1062 894
1063 895
1064 895
1065 896
1066 897
1067 898
1068 899
1069 899
1070 900
1071 901
1072 902
1073 903
1074 904
1075 904
1076 905
1077 906
1078 907
1079 908
1080 908
1081 909
1082 910
1083 911
1084 912
1085 912
1086 913
1087 914
1088 915
1089 916
1090 917
1091 917
1092 918
1093 919
1094 920
1095 921
1096 921
1097 922
1098 923
1099 924
1100 925
1101 926
1102 926
1103 927
1104 928
1105 929
1106 930
1107 930
1108 931
1109 932
1110 933
1111 934
1112 935
1113 935
1114 936
1115 937
1116 938
1117 939
1118 939
1119 940
1120 941
1121 942
1122 943
1123 944
1124 944
1125 945
1126 946
1127 947
1128 948
1129 948
1130 949
1131 950
1132 951
1133 952
1134 952
1135 953
1136 954
1137 955
1138 956
1139 957
1140 957
1141 958
1142 959
1143 960
1144 961
1145 961
1146 962
1147 963
1148 964
1149 965
1150 966
1151 966
1152 967
1153 968
1154 969
1155 970
1156 970
1157 971
1158 972
1159 973
1160 974
1161 975
1162 975
1163 976
1164 977
1165 978
1166 979
1167 979
1168 980
1169 981
1170 982
1171 983
1172 984
1173 985
1174 986
1175 987
1176 988
1177 989
1178 990
1179 991
1180 992
1181 993
1182 995
1183 996
1184 997
1185 998
1186 999
1187 1000
1188 1001
1189 1002
1190 1003
1191 1005
1192 1006
1193 1007
1194 1008
1195 1009
1196 1010
1197 1011
1198 1012
1199 1013
1200 1014
1201 1016
1202 1017
1203 1018
1204 1019
1205 1020
1206 1021
1207 1022
1208 1023
1209 1024
1210 1026
1211 1027
1212 1028
1213 1029
1214 1030
1215 1031
1216 1032
1217 1033
1218 1034
1219 1035
1220 1037
1221 1038
1222 1039
1223 1040
1224 1041
1225 1042
1226 1043
1227 1044
1228 1045
1229 1047
1230 1048
1231 1049
1232 1050
1233 1051
1234 1052
1235 1053
1236 1054
1237 1055
1238 1056
1239 1058
1240 1059
1241 1060
1242 1061
1243 1062
1244 1063
1245 1064
1246 1065
1247 1066
1248 1068
1249 1069
1250 1070
1251 1071
1252 1072
1253 1073
1254 1074
1255 1075
1256 1076
1257 1077
1258 1079
1259 1080
1260 1081
1261 1082
1262 1083
1263 1084
1264 1085
1265 1086
1266 1087
1267 1089
1268 1090
1269 1091
1270 1092
1271 1093
1272 1094
1273 1095
1274 1096
1275 1097
1276 1098
1277 1100
1278 1101
1279 1102
1280 1103
1281 1104
1282 1105
1283 1106
1284 1107
1285 1108
1286 1110
1287 1111
1288 1112
1289 1113
1290 1114
1291 1115
1292 1116
1293 1117
1294 1118
1295 1119
1296 1121
1297 1122
1298 1123
1299 1124
1300 1125
1301 1126
1302 1127
1303 1128
1304 1129
1305 1131
1306 1132
1307 1133
1308 1134
1309 1135
1310 1136
1311 1137
1312 1138
1313 1139
1314 1140
1315 1142
1316 1143
1317 1144
1318 1145
1319 1146
1320 1147
1321 1148
1322 1149
1323 1150
1324 1152
1325 1153
1326 1154
1327 1155
1328 1156
1329 1157
1330 1158
1331 1159
1332 1160
1333 1161
1334 1163
1335 1164
1336 1165
1337 1166
1338 1167
1339 1168
1340 1169
1341 1170
1342 1171
1343 1173
1344 1174
1345 1175
1346 1176
1347 1177
1348 1178
1349 1179
1350 1180
1351 1181
1352 1182
1353 1184
1354 1185
1355 1186
1356 1187
1357 1188
1358 1189
1359 1190
1360 1191
1361 1192
1362 1194
1363 1194
1364 1195
1365 1196
1366 1197
1367 1198
1368 1199
1369 1200
1370 1201
1371 1202
1372 1203
1373 1203
1374 1204
1375 1205
1376 1206
1377 1207
1378 1208
1379 1209
1380 1210
1381 1211
1382 1212
1383 1212
1384 1213
1385 1214
1386 1215
1387 1216
1388 1217
1389 1218
1390 1219
1391 1220
1392 1221
1393 1221
1394 1222
1395 1223
1396 1224
1397 1225
1398 1226
1399 1227
1400 1228
1401 1229
1402 1230
1403 1230
1404 1231
1405 1232
1406 1233
1407 1234
1408 1235
1409 1236
1410 1237
1411 1238
1412 1239
1413 1239
1414 1240
1415 1241
1416 1242
1417 1243
1418 1244
1419 1245
1420 1246
1421 1247
1422 1248
1423 1248
1424 1249
1425 1250
1426 1251
1427 1252
1428 1253
1429 1254
1430 1255
1431 1256
1432 1257
1433 1257
1434 1258
1435 1259
1436 1260
1437 1261
1438 1262
1439 1263
1440 1264
1441 1265
1442 1266
1443 1266
1444 1267
1445 1268
1446 1269
1447 1270
1448 1271
1449 1272
1450 1273
1451 1274
1452 1275
1453 1275
1454 1276
1455 1277
1456 1278
1457 1279
1458 1280
1459 1281
1460 1282
1461 1283
1462 1284
1463 1284
1464 1285
1465 1286
1466 1287
1467 1288
1468 1289
1469 1290
1470 1291
1471 1292
1472 1293
1473 1293
1474 1294
1475 1295
1476 1296
1477 1297
1478 1298
1479 1299
1480 1300
1481 1301
1482 1302
1483 1303
1484 1303
1485 1304
1486 1305
1487 1306
1488 1307
1489 1308
1490 1309
1491 1310
1492 1311
1493 1312
1494 1312
1495 1313
1496 1314
1497 1315
1498 1316
1499 1317
1500 1318
1501 1319
1502 1320
1503 1321
1504 1321
1505 1322
1506 1323
1507 1324
1508 1325
1509 1326
1510 1327
1511 1328
1512 1329
1513 1330
1514 1330
1515 1331
1516 1332
1517 1333
1518 1334
1519 1335
1520 1336
1521 1337
1522 1338
1523 1339
1524 1339
1525 1340
1526 1341
1527 1342
1528 1343
1529 1344
1530 1345
1531 1346
1532 1347
1533 1348
1534 1348
1535 1349
1536 1350
1537 1351
1538 1352
1539 1353
1540 1354
1541 1355
1542 1356
1543 1357
1544 1357
1545 1358
1546 1359
1547 1360
1548 1361
1549 1362
1550 1363
1551 1364
1552 1365
1553 1366
1554 1366
1555 1367
1556 1368
1557 1369
1558 1370
1559 1371
1560 1372
1561 1373
1562 1374
1563 1375
1564 1375
1565 1376
1566 1377
1567 1378
1568 1379
1569 1380
1570 1381
1571 1382
1572 1383
1573 1384
1574 1384
1575 1385
1576 1386
1577 1387
1578 1388
1579 1389
1580 1390
1581 1391
1582 1392
1583 1393
1584 1393
1585 1394
1586 1395
1587 1396
1588 1397
1589 1398
1590 1399
1591 1400
1592 1401
1593 1402
1594 1402
1595 1403
1596 1404
1597 1405
1598 1406
1599 1407
1600 1408
1601 1409
1602 1410
1603 1411
1604 1412
1605 1412
1606 1413
1607 1414
1608 1415
1609 1416
1610 1417
1611 1417
1612 1418
1613 1419
1614 1420
1615 1421
1616 1422
1617 1423
1618 1423
1619 1424
1620 1425
1621 1426
1622 1427
1623 1428
1624 1428
1625 1429
1626 1430
1627 1431
1628 1432
1629 1433
1630 1434
1631 1434
1632 1435
1633 1436
1634 1437
1635 1438
1636 1439
1637 1439
1638 1440
1639 1441
1640 1442
1641 1443
1642 1444
1643 1445
1644 1445
1645 1446
1646 1447
1647 1448
1648 1449
1649 1450
1650 1450
1651 1451
1652 1452
1653 1453
1654 1454
1655 1455
1656 1456
1657 1456
1658 1457
1659 1458
1660 1459
1661 1460
1662 1461
1663 1461
1664 1462
1665 1463
1666 1464
1667 1465
1668 1466
1669 1467
1670 1467
1671 1468
1672 1469
1673 1470
1674 1471
1675 1472
1676 1472
1677 1473
1678 1474
1679 1475
1680 1476
1681 1477
1682 1478
1683 1478
1684 1479
1685 1480
1686 1481
1687 1482
1688 1483
1689 1483
1690 1484
1691 1485
1692 1486
1693 1487
1694 1488
1695 1489
1696 1489
1697 1490
1698 1491
1699 1492
1700 1493
1701 1494
1702 1494
1703 1495
1704 1496
1705 1497
1706 1498
1707 1499
1708 1500
1709 1500
1710 1501
1711 1502
1712 1503
1713 1504
1714 1505
1715 1505
1716 1506
1717 1507
1718 1508
1719 1509
1720 1510
1721 1511
1722 1511
1723 1512
1724 1513
1725 1514
1726 1515
1727 1516
1728 1517
1729 1517
1730 1518
1731 1519
1732 1520
1733 1521
1734 1522
1735 1522
1736 1523
1737 1524
1738 1525
1739 1526
1740 1527
1741 1528
1742 1528
1743 1529
1744 1530
1745 1531
1746 1532
1747 1533
1748 1533
1749 1534
1750 1535
1751 1536
1752 1537
1753 1538
1754 1539
1755 1539
1756 1540
1757 1541
1758 1542
1759 1543
1760 1544
1761 1544
1762 1545
1763 1546
1764 1547
1765 1548
1766 1549
1767 1550
1768 1550
1769 1551
1770 1552
1771 1553
1772 1554
1773 1555
1774 1555
1775 1556
1776 1557
1777 1558
1778 1559
1779 1560
1780 1561
1781 1561
1782 1562
1783 1563
1784 1564
1785 1565
1786 1566
1787 1566
1788 1567
1789 1568
1790 1569
1791 1570
1792 1571
1793 1572
1794 1572
1795 1573
1796 1574
1797 1575
1798 1576
1799 1577
1800 1577
1801 1578
1802 1579
1803 1580
1804 1581
1805 1582
1806 1583
1807 1583
1808 1584
1809 1585
1810 1586
1811 1587
1812 1588
1813 1588
1814 1589
1815 1590
1816 1591
1817 1592
1818 1593
1819 1594
1820 1594
1821 1595
1822 1596
1823 1597
1824 1598
1825 1599
1826 1599
1827 1600
1828 1601
1829 1602
1830 1603
1831 1604
1832 1605
1833 1605
1834 1606
1835 1607
1836 1608
1837 1609
1838 1610
1839 1611
1840 1611
1841 1612
1842 1613
1843 1614
1844 1614
1845 1615
1846 1616
1847 1617
1848 1617
1849 1618
1850 1619
1851 1620
1852 1620
1853 1621
1854 1622
1855 1623
1856 1623
1857 1624
1858 1625
1859 1626
1860 1626
1861 1627
1862 1628
1863 1629
1864 1629
1865 1630
1866 1631
1867 1632
1868 1632
1869 1633
1870 1634
1871 1635
1872 1635
1873 1636
1874 1637
1875 1638
1876 1638
1877 1639
1878 1640
1879 1641
1880 1642
1881 1642
1882 1643
1883 1644
1884 1645
1885 1645
1886 1646
1887 1647
1888 1648
1889 1648
1890 1649
1891 1650
1892 1651
1893 1651
1894 1652
1895 1653
1896 1654
1897 1654
1898 1655
1899 1656
1900 1657
1901 1657
1902 1658
1903 1659
1904 1660
1905 1660
1906 1661
1907 1662
1908 1663
1909 1663
1910 1664
1911 1665
1912 1666
1913 1666
1914 1667
1915 1668
1916 1669
1917 1670
1918 1671
1919 1672
1920 1673
1921 1675
1922 1676
1923 1677
1924 1678
1925 1680
1926 1681
1927 1682
1928 1683
1929 1685
1930 1686
1931 1687
1932 1689
1933 1690
1934 1691
1935 1692
1936 1694
1937 1695
1938 1696
1939 1697
1940 1699
1941 1700
1942 1701
1943 1703
1944 1704
1945 1705
1946 1706
1947 1708
1948 1709
1949 1710
1950 1711
1951 1713
1952 1714
1953 1715
1954 1717
1955 1718
1956 1719
1957 1720
1958 1722
1959 1723
1960 1724
1961 1725
1962 1727
1963 1728
1964 1729
1965 1730
1966 1732
1967 1733
1968 1734
1969 1736
1970 1737
1971 1738
1972 1739
1973 1741
1974 1742
1975 1743
1976 1744
1977 1746
1978 1747
1979 1748
1980 1750
1981 1751
1982 1752
1983 1753
1984 1755
1985 1756
1986 1757
1987 1758
1988 1760
1989 1761
1990 1762
1991 1764
1992 1765
1993 1766
1994 1767
1995 1769
1996 1770
1997 1771
1998 1772
1999 1774
2000 1775
2001 1776
2002 1778
2003 1779
2004 1780
2005 1781
2006 1782
2007 1783
2008 1784
2009 1785
2010 1786
2011 1787
2012 1788
2013 1789
2014 1790
2015 1791
2016 1792
2017 1793
2018 1794
2019 1796
2020 1797
2021 1798
2022 1799
2023 1800
2024 1801
2025 1802
2026 1803
2027 1804
2028 1805
2029 1806
2030 1807
2031 1808
2032 1809
2033 1810
2034 1811
2035 1812
2036 1814
2037 1815
2038 1816
2039 1817
2040 1818
2041 1819
2042 1820
2043 1821
2044 1822
2045 1823
2046 1824
2047 1825
2048 1826
2049 1827
2050 1828
2051 1829
2052 1831
2053 1832
2054 1833
2055 1834
2056 1835
2057 1836
2058 1837
2059 1838
2060 1839
2061 1840
2062 1841
2063 1842
2064 1843
2065 1844
2066 1845
2067 1846
2068 1847
2069 1849
2070 1850
2071 1851
2072 1852
2073 1853
2074 1854
2075 1855
2076 1856
2077 1857
2078 1858
2079 1859
2080 1860
2081 1861
2082 1862
2083 1863
2084 1864
2085 1866
2086 1867
2087 1868
2088 1869
2089 1870
2090 1871
2091 1872
2092 1873
2093 1874
2094 1875
2095 1876
2096 1877
2097 1878
2098 1879
2099 1880
2100 1881
2101 1882
2102 1884
2103 1885
2104 1886
2105 1887
2106 1888
2107 1889
2108 1890
2109 1891
2110 1892
2111 1893
2112 1894
2113 1895
2114 1896
2115 1897
2116 1898
2117 1899
2118 1901
2119 1902
2120 1903
2121 1904
2122 1905
2123 1906
2124 1907
2125 1908
2126 1909
2127 1910
2128 1911
2129 1912
2130 1913
2131 1914
2132 1915
2133 1916
2134 1917
2135 1919
2136 1920
2137 1921
2138 1922
2139 1923
2140 1924
2141 1925
2142 1926
2143 1927
2144 1928
2145 1929
2146 1930
2147 1931
2148 1932
2149 1933
2150 1934
2151 1936
2152 1937
2153 1938
2154 1939
2155 1940
2156 1941
2157 1942
2158 1943
2159 1944
2160 1945
2161 1946
2162 1947
2163 1948
2164 1949
2165 1950
2166 1951
2167 1952
2168 1954
2169 1955
2170 1956
2171 1957
2172 1958
2173 1959
2174 1960
2175 1961
2176 1962
2177 1963
2178 1964
2179 1965
2180 1966
2181 1967
2182 1968
2183 1969
2184 1971
2185 1971
2186 1972
2187 1973
2188 1974
2189 1975
2190 1975
2191 1976
2192 1977
2193 1978
2194 1979
2195 1979
2196 1980
2197 1981
2198 1982
2199 1983
2200 1984
2201 1984
2202 1985
2203 1986
2204 1987
2205 1988
2206 1988
2207 1989
2208 1990
2209 1991
2210 1992
2211 1992
2212 1993
2213 1994
2214 1995
2215 1996
2216 1997
2217 1997
2218 1998
2219 1999
2220 2000
2221 2001
2222 2001
2223 2002
2224 2003
2225 2004
2226 2005
2227 2005
2228 2006
2229 2007
2230 2008
2231 2009
2232 2010
2233 2010
2234 2011
2235 2012
2236 2013
2237 2014
2238 2014
2239 2015
2240 2016
2241 2017
2242 2018
2243 2018
2244 2019
2245 2020
2246 2021
2247 2022
2248 2023
2249 2023
2250 2024
2251 2025
2252 2026
2253 2027
2254 2027
2255 2028
2256 2029
2257 2030
2258 2031
2259 2031
2260 2032
2261 2033
2262 2034
2263 2035
2264 2036
2265 2036
2266 2037
2267 2038
2268 2039
2269 2040
2270 2040
2271 2041
2272 2042
2273 2043
2274 2044
2275 2044
2276 2045
2277 2046
2278 2047
2279 2048
2280 2049
2281 2049
2282 2050
2283 2051
2284 2052
2285 2053
2286 2053
2287 2054
2288 2055
2289 2056
2290 2057
2291 2057
2292 2058
2293 2059
2294 2060
2295 2061
2296 2062
2297 2062
2298 2063
2299 2064
2300 2065
2301 2066
2302 2066
2303 2067
2304 2068
2305 2069
2306 2070
2307 2071
2308 2072
2309 2073
2310 2074
2311 2075
2312 2076
2313 2077
2314 2078
2315 2079
2316 2080
2317 2081
2318 2082
2319 2083
2320 2084
2321 2085
2322 2086
2323 2087
2324 2088
2325 2090
2326 2091
2327 2092
2328 2093
2329 2094
2330 2095
2331 2096
2332 2097
2333 2098
2334 2099
2335 2100
2336 2101
2337 2102
2338 2103
2339 2104
2340 2105
2341 2106
2342 2108
2343 2109
2344 2110
2345 2111
2346 2112
2347 2113
2348 2114
2349 2115
2350 2116
2351 2117
2352 2118
2353 2119
2354 2120
2355 2121
2356 2122
2357 2123
2358 2124
2359 2125
2360 2127
2361 2128
2362 2129
2363 2130
2364 2131
2365 2132
2366 2133
2367 2134
2368 2135
2369 2136
2370 2137
2371 2138
2372 2139
2373 2140
2374 2141
2375 2142
2376 2143
2377 2145
2378 2146
2379 2147
2380 2148
2381 2149
2382 2150
2383 2151
2384 2152
2385 2153
2386 2154
2387 2155
2388 2156
2389 2157
2390 2158
2391 2159
2392 2160
2393 2161
2394 2163
2395 2164
2396 2165
2397 2166
2398 2167
2399 2168
2400 2169
2401 2170
2402 2171
2403 2172
2404 2173
2405 2174
2406 2175
2407 2176
2408 2177
2409 2178
2410 2179
2411 2180
2412 2182
2413 2183
2414 2184
2415 2185
2416 2186
2417 2187
2418 2188
2419 2189
2420 2190
2421 2191
2422 2192
2423 2193
2424 2194
2425 2195
2426 2196
2427 2197
2428 2198
2429 2200
2430 2201
2431 2202
2432 2203
2433 2204
2434 2205
2435 2206
2436 2207
2437 2208
2438 2209
2439 2210
2440 2211
2441 2212
2442 2213
2443 2214
2444 2215
2445 2216
2446 2218
2447 2219
2448 2220
2449 2221
2450 2222
2451 2223
2452 2224
2453 2225
2454 2226
2455 2227
2456 2228
2457 2229
2458 2230
2459 2231
2460 2232
2461 2233
2462 2234
2463 2235
2464 2237
2465 2238
2466 2239
2467 2240
2468 2241
2469 2242
2470 2243
2471 2244
2472 2245
2473 2246
2474 2247
2475 2248
2476 2249
2477 2250
2478 2251
2479 2252
2480 2253
2481 2255
2482 2256
2483 2257
2484 2258
2485 2259
2486 2260
2487 2261
2488 2262
2489 2263
2490 2264
2491 2265
2492 2266
2493 2267
2494 2268
2495 2269
2496 2270
2497 2271
2498 2273
2499 2274
2500 2275
2501 2276
2502 2277
2503 2278
2504 2279
2505 2280
2506 2281
2507 2282
2508 2283
2509 2284
2510 2285
2511 2286
2512 2287
2513 2288
2514 2289
2515 2290
2516 2292
2517 2293
2518 2294
2519 2295
2520 2296
2521 2297
2522 2298
2523 2299
2524 2300
2525 2301
2526 2302
2527 2303
2528 2304
2529 2305
2530 2306
2531 2307
2532 2308
2533 2310
2534 2311
2535 2312
2536 2313
2537 2314
2538 2315
2539 2316
2540 2317
2541 2318
2542 2319
2543 2320
2544 2321
2545 2322
2546 2323
2547 2324
2548 2325
2549 2326
2550 2328
2551 2329
2552 2330
2553 2331
2554 2332
2555 2333
2556 2334
2557 2335
2558 2336
2559 2337
2560 2338
2561 2339
2562 2340
2563 2341
2564 2342
2565 2343
2566 2344
2567 2345
2568 2347
2569 2348
2570 2349
2571 2350
2572 2351
2573 2352
2574 2353
2575 2354
2576 2355
2577 2356
2578 2357
2579 2358
2580 2359
2581 2360
2582 2361
2583 2362
2584 2363
2585 2365
2586 2366
2587 2367
2588 2368
2589 2369
2590 2370
2591 2371
2592 2372
2593 2373
2594 2374
2595 2375
2596 2376
2597 2377
2598 2378
2599 2379
2600 2380
2601 2381
2602 2383
2603 2383
2604 2384
2605 2385
2606 2386
2607 2387
2608 2388
2609 2389
2610 2389
2611 2390
2612 2391
2613 2392
2614 2393
2615 2394
2616 2395
2617 2395
2618 2396
2619 2397
2620 2398
2621 2399
2622 2400
2623 2401
2624 2401
2625 2402
2626 2403
2627 2404
2628 2405
2629 2406
2630 2407
2631 2408
2632 2408
2633 2409
2634 2410
2635 2411
2636 2412
2637 2413
2638 2414
2639 2414
2640 2415
2641 2416
2642 2417
2643 2418
2644 2419
2645 2420
2646 2420
2647 2421
2648 2422
2649 2423
2650 2424
2651 2425
2652 2426
2653 2427
2654 2427
2655 2428
2656 2429
2657 2430
2658 2431
2659 2432
2660 2433
2661 2433
2662 2434
2663 2435
2664 2436
2665 2437
2666 2438
2667 2439
2668 2439
2669 2440
2670 2441
2671 2442
2672 2443
2673 2444
2674 2445
2675 2445
2676 2446
2677 2447
2678 2448
2679 2449
2680 2450
2681 2451
2682 2452
2683 2452
2684 2453
2685 2454
2686 2455
2687 2456
2688 2457
2689 2458
2690 2458
2691 2459
2692 2460
2693 2461
2694 2462
2695 2463
2696 2464
2697 2464
2698 2465
2699 2466
2700 2467
2701 2468
2702 2469
2703 2470
2704 2471
2705 2471
2706 2472
2707 2473
2708 2474
2709 2475
2710 2476
2711 2477
2712 2477
2713 2478
2714 2479
2715 2480
2716 2481
2717 2482
2718 2483
2719 2483
2720 2484
2721 2485
2722 2486
2723 2487
2724 2488
2725 2489
2726 2489
2727 2490
2728 2491
2729 2492
2730 2493
2731 2494
2732 2495
2733 2496
2734 2496
2735 2497
2736 2498
2737 2499
2738 2500
2739 2501
2740 2502
2741 2502
2742 2503
2743 2504
2744 2505
2745 2506
2746 2507
2747 2508
2748 2508
2749 2509
2750 2510
2751 2511
2752 2512
2753 2513
2754 2514
2755 2515
2756 2515
2757 2516
2758 2517
2759 2518
2760 2519
2761 2520
2762 2521
2763 2521
2764 2522
2765 2523
2766 2524
2767 2525
2768 2526
2769 2527
2770 2527
2771 2528
2772 2529
2773 2530
2774 2531
2775 2532
2776 2533
2777 2534
2778 2535
2779 2536
2780 2538
2781 2539
2782 2540
2783 2542
2784 2543
2785 2545
2786 2546
2787 2547
2788 2549
2789 2550
2790 2552
2791 2553
2792 2554
2793 2556
2794 2557
2795 2559
2796 2560
2797 2561
2798 2563
2799 2564
2800 2566
2801 2567
2802 2568
2803 2570
2804 2571
2805 2573
2806 2574
2807 2575
2808 2577
2809 2578
2810 2580
2811 2581
2812 2582
2813 2584
2814 2585
2815 2587
2816 2588
2817 2589
2818 2591
2819 2592
2820 2594
2821 2595
2822 2596
2823 2598
2824 2599
2825 2601
2826 2602
2827 2603
2828 2605
2829 2606
2830 2608
2831 2609
2832 2610
2833 2612
2834 2613
2835 2615
2836 2616
2837 2617
2838 2619
2839 2620
2840 2622
2841 2623
2842 2624
2843 2626
2844 2627
