0 0
1 0
2 1
3 2
4 2
5 3
6 4
7 5
8 5
9 6
10 7
11 8
12 8
13 9
14 10
15 10
16 11
17 12
18 13
19 13
20 14
21 15
22 16
23 16
24 17
25 18
26 18
27 19
28 20
29 21
30 21
31 22
32 23
33 24
34 24
35 25
36 26
37 26
38 27
39 28
40 29
41 29
42 30
43 31
44 32
45 32
46 33
47 34
48 35
49 35
50 36
51 37
52 37
53 38
54 39
55 40
56 40
57 41
58 42
59 43
60 43
61 44
62 45
63 45
64 46
65 47
66 48
67 48
68 49
69 50
70 51
71 51
72 52
73 53
74 53
75 54
76 55
77 56
78 56
79 57
80 58
81 59
82 59
83 60
84 61
85 61
86 62
87 63
88 64
89 64
90 65
91 66
92 67
93 67
94 68
95 69
96 70
97 70
98 70
99 71
100 71
101 71
102 72
103 72
104 73
105 73
106 73
107 74
108 74
109 75
110 75
111 75
112 76
113 76
114 77
115 77
116 77
117 78
118 78
119 79
120 79
121 79
122 80
123 80
124 81
125 81
126 81
127 82
128 82
129 83
130 83
131 83
132 84
133 84
134 85
135 85
136 85
137 86
138 86
139 87
140 87
141 87
142 88
143 88
144 89
145 89
146 89
147 90
148 90
149 90
150 91
151 91
152 92
153 92
154 92
155 93
156 93
157 94
158 94
159 94
160 95
161 95
162 96
163 96
164 96
165 97
166 97
167 98
168 98
169 98
170 99
171 99
172 100
173 100
174 100
175 101
176 101
177 102
178 102
179 102
180 103
181 103
182 104
183 104
184 104
185 105
186 105
187 106
188 106
189 106
190 107
191 107
192 108
193 108
194 108
195 109
196 109
197 109
198 110
199 110
200 111
201 111
202 111
203 112
204 112
205 113
206 113
207 113
208 114
209 114
210 115
211 115
212 115
213 116
214 116
215 117
216 117
217 117
218 118
219 118
220 119
221 119
222 119
223 120
224 120
225 121
226 121
227 121
228 122
229 122
230 123
231 123
232 123
233 124
234 124
235 125
236 125
237 125
238 126
239 126
240 127
241 127
242 127
243 128
244 128
245 129
246 129
247 129
248 129
249 129
250 130
251 130
252 130
253 130
254 131
255 131
256 131
257 131
258 132
259 132
260 132
261 132
262 133
263 133
264 133
265 133
266 134
267 134
268 134
269 134
270 135
271 135
272 135
273 135
274 136
275 136
276 136
277 136
278 136
279 137
280 137
281 137
282 137
283 138
284 138
285 138
286 138
287 139
288 139
289 139
290 139
291 140
292 140
293 140
294 140
295 141
296 141
297 141
298 141
299 142
300 142
301 142
302 142
303 143
304 143
305 143
306 143
307 143
308 144
309 144
310 144
311 144
312 145
313 145
314 145
315 145
316 146
317 146
318 146
319 146
320 147
321 147
322 147
323 147
324 148
325 148
326 148
327 148
328 149
329 149
330 149
331 149
332 150
333 150
334 150
335 150
336 150
337 151
338 151
339 151
340 151
341 152
342 152
343 152
344 152
345 153
346 153
347 153
348 153
349 154
350 154
351 154
352 154
353 155
354 155
355 155
356 155
357 156
358 156
359 156
360 156
361 157
362 157
363 157
364 157
365 158
366 158
367 158
368 158
369 158
370 159
371 159
372 159
373 159
374 160
375 160
376 160
377 160
378 161
379 161
380 161
381 161
382 162
383 162
384 162
385 162
386 163
387 163
388 163
389 163
390 164
391 164
392 164
393 164
394 165
395 165
396 165
397 165
398 165
399 166
400 166
401 166
402 166
403 167
404 167
405 167
406 167
407 168
408 168
409 168
410 168
411 169
412 169
413 169
414 169
415 170
416 170
417 170
418 170
419 171
420 171
421 171
422 171
423 172
424 172
425 172
426 172
427 172
428 173
429 173
430 173
431 173
432 174
433 174
434 174
435 174
436 175
437 175
438 175
439 175
440 176
441 176
442 176
443 176
444 177
445 177
446 177
447 177
448 178
449 178
450 178
451 178
452 179
453 179
454 179
455 179
456 179
457 180
458 180
459 180
460 180
461 181
462 181
463 181
464 181
465 182
466 182
467 182
468 182
469 183
470 183
471 183
472 183
473 184
474 184
475 184
476 184
477 185
478 185
479 185
480 185
481 186
482 186
483 186
484 186
485 187
486 187
487 187
488 188
489 188
490 189
491 189
492 190
493 190
494 190
495 191
496 191
497 192
498 192
499 193
500 193
501 193
502 194
503 194
504 195
505 195
506 196
507 196
508 196
509 197
510 197
511 198
512 198
513 199
514 199
515 199
516 200
517 200
518 201
519 201
520 202
521 202
522 203
523 203
524 203
525 204
526 204
527 205
528 205
529 206
530 206
531 206
532 207
533 207
534 208
535 208
536 209
537 209
538 209
539 210
540 210
541 211
542 211
543 212
544 212
545 212
546 213
547 213
548 214
549 214
550 215
551 215
552 215
553 216
554 216
555 217
556 217
557 218
558 218
559 219
560 219
561 219
562 220
563 220
564 221
565 221
566 222
567 222
568 222
569 223
570 223
571 224
572 224
573 225
574 225
575 225
576 226
577 226
578 227
579 227
580 228
581 228
582 228
583 229
584 229
585 230
586 230
587 231
588 231
589 231
590 232
591 232
592 233
593 233
594 234
595 234
596 235
597 235
598 235
599 236
600 236
601 237
602 237
603 238
604 238
605 238
606 239
607 239
608 240
609 240
610 241
611 241
612 241
613 242
614 242
615 243
616 243
617 244
618 244
619 244
620 245
621 245
622 246
623 246
624 247
625 247
626 248
627 248
628 248
629 248
630 248
631 248
632 248
633 248
634 248
635 248
636 248
637 249
638 249
639 249
640 249
641 249
642 249
643 249
644 249
645 249
646 249
647 249
648 250
649 250
650 250
651 250
652 250
653 250
654 250
655 250
656 250
657 250
658 251
659 251
660 251
661 251
662 251
663 251
664 251
665 251
666 251
667 251
668 251
669 252
670 252
671 252
672 252
673 252
674 252
675 252
676 252
677 252
678 252
679 252
680 253
681 253
682 253
683 253
684 253
685 253
686 253
687 253
688 253
689 253
690 254
691 254
692 254
693 254
694 254
695 254
696 254
697 254
698 254
699 254
700 254
701 255
702 255
703 255
704 255
705 255
706 255
707 255
708 255
709 255
710 255
711 255
712 256
713 256
714 256
715 256
716 256
717 256
718 256
719 256
720 256
721 256
722 257
723 257
724 257
725 257
726 257
727 257
728 257
729 257
730 257
731 257
732 257
733 258
734 258
735 258
736 258
737 258
738 258
739 258
740 258
741 258
742 258
743 258
744 259
745 259
746 259
747 259
748 259
749 259
750 259
751 259
752 259
753 259
754 260
755 260
756 260
757 260
758 260
759 260
760 260
761 260
762 260
763 260
764 260
765 261
766 261
767 261
768 261
769 261
770 261
771 261
772 261
773 261
774 261
775 261
776 262
777 262
778 262
779 262
780 262
781 262
782 262
783 262
784 262
785 262
786 263
787 263
788 263
789 263
790 263
791 263
792 263
793 263
794 263
795 263
796 263
797 264
798 264
799 264
800 264
801 264
802 264
803 264
804 264
805 264
806 264
807 264
808 265
809 265
810 265
811 265
812 265
813 265
814 265
815 265
816 265
817 265
818 266
819 266
820 266
821 266
822 266
823 266
824 266
825 266
826 266
827 266
828 266
829 267
830 267
831 267
832 267
833 267
834 267
835 267
836 267
837 267
838 267
839 267
840 268
841 268
842 268
843 268
844 268
845 268
846 268
847 268
848 268
849 268
850 269
851 269
852 269
853 269
854 269
855 269
856 269
857 269
858 269
859 269
860 269
861 270
862 270
863 270
864 270
865 270
866 270
867 270
868 270
869 270
870 270
871 270
872 271
873 271
874 271
875 271
876 271
877 271
878 271
879 271
880 271
881 271
882 272
883 272
884 272
885 272
886 272
887 272
888 272
889 272
890 272
891 272
892 272
893 273
894 273
895 273
896 273
897 273
898 273
899 273
900 273
901 273
902 273
903 273
904 274
905 274
906 274
907 274
908 274
909 274
910 274
911 274
912 274
913 274
914 275
915 275
916 275
917 275
918 275
919 275
920 275
921 275
922 275
923 275
924 275
925 276
926 276
927 276
928 276
929 276
930 276
931 276
932 276
933 276
934 276
935 276
936 277
937 277
938 277
939 277
940 277
941 277
942 277
943 277
944 277
945 277
946 278
947 278
948 278
949 278
950 278
951 278
952 278
953 278
954 278
955 278
956 278
957 279
958 279
959 279
960 279
961 279
962 279
963 279
964 279
965 279
966 279
967 280
968 280
969 280
970 280
971 281
972 281
973 281
974 282
975 282
976 282
977 283
978 283
979 283
980 284
981 284
982 284
983 285
984 285
985 285
986 286
987 286
988 286
989 286
990 287
991 287
992 287
993 288
994 288
995 288
996 289
997 289
998 289
999 290
1000 290
1001 290
1002 291
1003 291
1004 291
1005 292
1006 292
1007 292
1008 292
1009 293
1010 293
1011 293
1012 294
1013 294
1014 294
1015 295
1016 295
1017 295
1018 296
1019 296
1020 296
1021 297
1022 297
1023 297
1024 298
1025 298
1026 298
1027 298
1028 299
1029 299
1030 299
1031 300
1032 300
1033 300
1034 301
1035 301
1036 301
1037 302
1038 302
1039 302
1040 303
1041 303
1042 303
1043 304
1044 304
1045 304
1046 304
1047 305
1048 305
1049 305
1050 306
1051 306
1052 306
1053 307
1054 307
1055 307
1056 308
1057 308
1058 308
1059 309
1060 309
1061 309
1062 310
1063 310
1064 310
1065 310
1066 311
1067 311
1068 311
1069 312
1070 312
1071 312
1072 313
1073 313
1074 313
1075 314
1076 314
1077 314
1078 315
1079 315
1080 315
1081 316
1082 316
1083 316
1084 316
1085 317
1086 317
1087 317
1088 318
1089 318
1090 318
1091 319
1092 319
1093 319
1094 320
1095 320
1096 320
1097 321
1098 321
1099 321
1100 322
1101 322
1102 322
1103 322
1104 323
1105 323
1106 323
1107 324
1108 324
1109 324
1110 325
1111 325
1112 325
1113 326
1114 326
1115 326
1116 327
1117 327
1118 327
1119 328
1120 328
1121 328
1122 328
1123 329
1124 329
1125 329
1126 330
1127 330
1128 330
1129 331
1130 331
1131 331
1132 332
1133 332
1134 332
1135 333
1136 333
1137 333
1138 334
1139 334
1140 334
1141 334
1142 335
1143 335
1144 335
1145 336
1146 336
1147 336
1148 337
1149 337
1150 337
1151 338
1152 338
1153 338
1154 339
1155 339
1156 339
1157 340
1158 340
1159 340
1160 340
1161 341
1162 341
1163 341
1164 342
1165 342
1166 342
1167 343
1168 343
1169 343
1170 344
1171 344
1172 344
1173 345
1174 345
1175 345
1176 346
1177 346
1178 346
1179 346
1180 347
1181 347
1182 347
1183 348
1184 348
1185 348
1186 349
1187 349
1188 349
1189 350
1190 350
1191 350
1192 351
1193 351
1194 351
1195 352
1196 352
1197 352
1198 352
1199 353
1200 353
1201 353
1202 354
1203 354
1204 354
1205 355
1206 355
1207 355
1208 356
1209 356
1210 356
1211 357
1212 357
1213 357
1214 358
1215 358
1216 358
1217 358
1218 359
1219 359
1220 359
1221 360
1222 360
1223 360
1224 361
1225 361
1226 361
1227 362
1228 362
1229 362
1230 363
1231 363
1232 363
1233 364
1234 364
1235 364
1236 364
1237 365
1238 365
1239 365
1240 366
1241 366
1242 366
1243 367
1244 367
1245 367
1246 368
1247 368
1248 368
1249 369
1250 369
1251 369
1252 370
1253 370
1254 370
1255 370
1256 371
1257 371
1258 371
1259 372
1260 372
1261 372
1262 373
1263 373
1264 373
1265 374
1266 374
1267 374
1268 375
1269 375
1270 375
1271 376
1272 376
1273 376
1274 376
1275 377
1276 377
1277 377
1278 378
1279 378
1280 378
1281 379
1282 379
1283 379
1284 380
1285 380
1286 380
1287 381
1288 381
1289 381
1290 382
1291 382
1292 382
1293 382
1294 382
1295 382
1296 383
1297 383
1298 383
1299 383
1300 383
1301 384
1302 384
1303 384
1304 384
1305 384
1306 385
1307 385
1308 385
1309 385
1310 385
1311 386
1312 386
1313 386
1314 386
1315 386
1316 386
1317 387
1318 387
1319 387
1320 387
1321 387
1322 388
1323 388
1324 388
1325 388
1326 388
1327 389
1328 389
1329 389
1330 389
1331 389
1332 390
1333 390
1334 390
1335 390
1336 390
1337 391
1338 391
1339 391
1340 391
1341 391
1342 391
1343 392
1344 392
1345 392
1346 392
1347 392
1348 393
1349 393
1350 393
1351 393
1352 393
1353 394
1354 394
1355 394
1356 394
1357 394
1358 395
1359 395
1360 395
1361 395
1362 395
1363 396
1364 396
1365 396
1366 396
1367 396
1368 396
1369 397
1370 397
1371 397
1372 397
1373 397
1374 398
1375 398
1376 398
1377 398
1378 398
1379 399
1380 399
1381 399
1382 399
1383 399
1384 400
1385 400
1386 400
1387 400
1388 400
1389 400
1390 401
1391 401
1392 401
1393 401
1394 401
1395 402
1396 402
1397 402
1398 402
1399 402
1400 403
1401 403
1402 403
1403 403
1404 403
1405 404
1406 404
1407 404
1408 404
1409 404
1410 405
1411 405
1412 405
1413 405
1414 405
1415 405
1416 406
1417 406
1418 406
1419 406
1420 406
1421 407
1422 407
1423 407
1424 407
1425 407
1426 408
1427 408
1428 408
1429 408
1430 408
1431 409
1432 409
1433 409
1434 409
1435 409
1436 410
1437 410
1438 410
1439 410
1440 410
1441 410
1442 411
1443 411
1444 411
1445 411
1446 411
1447 412
1448 412
1449 412
1450 412
1451 412
1452 413
1453 413
1454 413
1455 413
1456 413
1457 414
1458 414
1459 414
1460 414
1461 414
1462 414
1463 415
1464 415
1465 415
1466 415
1467 415
1468 416
1469 416
1470 416
1471 416
1472 416
1473 417
1474 417
1475 417
1476 417
1477 417
1478 418
1479 418
1480 418
1481 418
1482 418
1483 419
1484 419
1485 419
1486 419
1487 419
1488 419
1489 420
1490 420
1491 420
1492 420
1493 420
1494 421
1495 421
1496 421
1497 421
1498 421
1499 422
1500 422
1501 422
1502 422
1503 422
1504 423
1505 423
1506 423
1507 423
1508 423
1509 424
1510 424
1511 424
1512 424
1513 424
1514 424
1515 425
1516 425
1517 425
1518 425
1519 425
1520 426
1521 426
1522 426
1523 426
1524 426
1525 427
1526 427
1527 427
1528 427
1529 427
1530 428
1531 428
1532 428
1533 428
1534 428
1535 429
1536 429
1537 429
1538 429
1539 429
1540 429
1541 430
1542 430
1543 430
1544 430
1545 430
1546 431
1547 431
1548 431
1549 431
1550 431
1551 432
1552 432
1553 432
1554 432
1555 432
1556 433
1557 433
1558 433
1559 433
1560 433
1561 433
1562 434
1563 434
1564 434
1565 434
1566 434
1567 435
1568 435
1569 435
1570 435
1571 435
1572 436
1573 436
1574 436
1575 436
1576 436
1577 437
1578 437
1579 437
1580 437
1581 437
1582 438
1583 438
1584 438
1585 438
1586 438
1587 438
1588 439
1589 439
1590 439
1591 439
1592 439
1593 440
1594 440
1595 440
1596 440
1597 440
1598 441
1599 441
1600 441
1601 441
1602 441
1603 442
1604 442
1605 442
1606 442
1607 442
1608 443
1609 443
1610 443
1611 443
1612 443
1613 443
1614 444
1615 444
1616 444
1617 444
1618 444
1619 445
1620 445
1621 445
1622 445
1623 445
1624 446
1625 446
1626 446
1627 446
1628 446
1629 447
1630 447
1631 447
1632 447
1633 447
1634 447
1635 448
1636 448
1637 448
1638 448
1639 448
1640 449
1641 449
1642 449
1643 449
1644 449
1645 450
1646 450
1647 450
1648 450
1649 450
1650 451
1651 451
1652 451
1653 451
1654 451
1655 452
1656 452
1657 452
1658 452
1659 452
1660 452
1661 453
1662 453
1663 453
1664 453
1665 453
1666 454
1667 454
1668 454
1669 454
1670 454
1671 455
1672 455
1673 455
1674 455
1675 455
1676 456
1677 456
1678 456
1679 456
1680 456
1681 457
1682 457
1683 457
1684 457
1685 457
1686 457
1687 458
1688 458
1689 458
1690 458
1691 458
1692 459
1693 459
1694 459
1695 459
1696 459
1697 460
1698 460
1699 460
1700 460
1701 460
1702 461
1703 461
1704 461
1705 461
1706 461
1707 461
1708 462
1709 462
1710 462
1711 462
1712 462
1713 463
1714 463
1715 463
1716 463
1717 463
1718 464
1719 464
1720 464
1721 464
1722 464
1723 465
1724 465
1725 465
1726 465
1727 465
1728 466
1729 466
1730 466
1731 466
1732 466
1733 466
1734 467
1735 467
1736 467
1737 467
1738 467
1739 468
1740 468
1741 468
1742 468
1743 468
1744 469
1745 469
1746 469
1747 469
1748 469
1749 470
1750 470
1751 470
1752 470
1753 470
1754 471
1755 471
1756 471
1757 471
1758 471
1759 471
1760 472
1761 472
1762 472
1763 472
1764 472
1765 473
1766 473
1767 473
1768 473
1769 473
1770 474
1771 474
1772 474
1773 474
1774 474
1775 475
1776 475
1777 475
1778 475
1779 475
1780 476
1781 476
1782 477
1783 478
1784 479
1785 480
1786 481
1787 482
1788 483
1789 484
1790 484
1791 485
1792 486
1793 487
1794 488
1795 489
1796 490
1797 491
1798 492
1799 493
1800 493
1801 494
1802 495
1803 496
1804 497
1805 498
1806 499
1807 500
1808 501
1809 501
1810 502
1811 503
1812 504
1813 505
1814 506
1815 507
1816 508
1817 509
1818 510
1819 510
1820 511
1821 512
1822 513
1823 514
1824 515
1825 516
1826 517
1827 518
1828 518
1829 519
1830 520
1831 521
1832 522
1833 523
1834 524
1835 525
1836 526
1837 527
1838 527
1839 528
1840 529
1841 530
1842 531
1843 532
1844 533
1845 534
1846 535
1847 536
1848 536
1849 537
1850 538
1851 539
1852 540
1853 541
1854 542
1855 543
1856 544
1857 544
1858 545
1859 546
1860 547
1861 548
1862 549
1863 550
1864 551
1865 552
1866 553
1867 553
1868 554
1869 555
1870 556
1871 557
1872 558
1873 559
1874 560
1875 561
1876 561
1877 562
1878 563
1879 564
1880 565
1881 566
1882 567
1883 568
1884 569
1885 570
1886 570
1887 571
1888 572
1889 573
1890 574
1891 575
1892 576
1893 577
1894 578
1895 579
1896 579
1897 580
1898 581
1899 582
1900 583
1901 584
1902 585
1903 586
1904 587
1905 587
1906 588
1907 589
1908 590
1909 591
1910 592
1911 593
1912 594
1913 595
1914 596
1915 596
1916 597
1917 598
1918 599
1919 600
1920 601
1921 602
1922 603
1923 604
1924 604
1925 605
1926 606
1927 607
1928 608
1929 609
1930 610
1931 611
1932 612
1933 613
1934 613
1935 614
1936 615
1937 616
1938 617
1939 618
1940 619
1941 620
1942 621
1943 621
1944 622
1945 623
1946 624
1947 625
1948 626
1949 627
1950 628
1951 629
1952 630
1953 630
1954 631
1955 632
1956 633
1957 634
1958 635
1959 636
1960 637
1961 638
1962 639
1963 639
1964 640
1965 641
1966 642
1967 643
1968 644
1969 645
1970 646
1971 647
1972 647
1973 648
1974 649
1975 650
1976 651
1977 652
1978 653
1979 654
1980 655
1981 656
1982 656
1983 657
1984 658
1985 659
1986 660
1987 661
1988 662
1989 663
1990 664
1991 664
1992 665
1993 666
1994 667
1995 668
1996 669
1997 670
1998 671
1999 672
2000 673
2001 673
2002 674
2003 675
2004 676
2005 677
2006 678
2007 679
2008 680
2009 681
2010 682
2011 686
2012 691
2013 696
2014 701
2015 706
2016 711
2017 716
2018 721
2019 726
2020 731
2021 736
2022 741
2023 746
2024 751
2025 756
2026 760
2027 765
2028 770
2029 775
2030 780
2031 785
2032 790
2033 795
2034 800
2035 805
2036 810
2037 815
2038 820
2039 825
2040 830
2041 834
2042 839
2043 844
2044 849
2045 854
2046 859
2047 864
2048 869
2049 874
2050 879
2051 884
2052 889
2053 894
2054 899
2055 904
2056 908
2057 913
2058 918
2059 923
2060 928
2061 933
2062 938
2063 943
2064 948
2065 953
2066 958
2067 963
2068 968
2069 973
2070 978
2071 982
2072 987
2073 992
2074 997
2075 1002
2076 1007
2077 1012
2078 1017
2079 1022
2080 1027
2081 1032
2082 1037
2083 1042
2084 1047
2085 1052
2086 1057
2087 1061
2088 1066
2089 1071
2090 1076
2091 1081
2092 1086
2093 1091
2094 1096
2095 1101
2096 1106
2097 1111
2098 1116
2099 1121
2100 1126
2101 1131
2102 1135
2103 1140
2104 1145
2105 1150
2106 1155
2107 1160
2108 1165
2109 1170
2110 1175
2111 1180
2112 1185
2113 1190
2114 1195
2115 1200
2116 1205
2117 1209
2118 1214
2119 1219
2120 1224
2121 1229
2122 1234
2123 1239
2124 1244
2125 1249
2126 1254
2127 1259
2128 1264
2129 1269
2130 1274
2131 1279
2132 1283
2133 1288
2134 1293
2135 1298
2136 1303
2137 1308
2138 1313
2139 1318
2140 1323
2141 1328
2142 1333
2143 1338
2144 1343
2145 1348
2146 1353
2147 1357
2148 1362
2149 1367
2150 1372
2151 1377
2152 1382
2153 1387
2154 1392
2155 1397
2156 1402
2157 1407
2158 1412
2159 1417
2160 1422
2161 1427
2162 1432
2163 1436
2164 1441
2165 1446
2166 1451
2167 1456
2168 1461
2169 1466
2170 1471
2171 1476
2172 1481
2173 1486
2174 1491
2175 1496
2176 1501
2177 1506
2178 1510
2179 1515
2180 1520
2181 1525
2182 1530
2183 1535
2184 1540
2185 1545
2186 1550
2187 1555
2188 1560
2189 1565
2190 1570
2191 1575
2192 1580
2193 1584
2194 1589
2195 1594
2196 1599
2197 1604
2198 1609
2199 1614
2200 1619
2201 1624
2202 1629
2203 1634
2204 1639
2205 1644
2206 1649
2207 1654
2208 1658
2209 1663
2210 1668
2211 1673
2212 1678
2213 1683
2214 1688
2215 1693
2216 1698
2217 1703
2218 1708
2219 1713
2220 1718
2221 1723
2222 1728
2223 1732
2224 1737
2225 1742
2226 1747
2227 1752
2228 1757
2229 1762
2230 1767
2231 1772
2232 1777
2233 1782
2234 1787
2235 1792
2236 1797
2237 1802
2238 1807
2239 1807
2240 1808
2241 1809
2242 1810
2243 1811
2244 1812
2245 1813
2246 1814
2247 1815
2248 1816
2249 1816
2250 1817
2251 1818
2252 1819
2253 1820
2254 1821
2255 1822
2256 1823
2257 1824
2258 1825
2259 1826
2260 1826
2261 1827
2262 1828
2263 1829
2264 1830
2265 1831
2266 1832
2267 1833
2268 1834
2269 1835
2270 1836
2271 1836
2272 1837
2273 1838
2274 1839
2275 1840
2276 1841
2277 1842
2278 1843
2279 1844
2280 1845
2281 1846
2282 1846
2283 1847
2284 1848
2285 1849
2286 1850
2287 1851
2288 1852
2289 1853
2290 1854
2291 1855
2292 1855
2293 1856
2294 1857
2295 1858
2296 1859
2297 1860
2298 1861
2299 1862
2300 1863
2301 1864
2302 1865
2303 1865
2304 1866
2305 1867
2306 1868
2307 1869
2308 1870
2309 1871
2310 1872
2311 1873
2312 1874
2313 1875
2314 1875
2315 1876
2316 1877
2317 1878
2318 1879
2319 1880
2320 1881
2321 1882
2322 1883
2323 1884
2324 1885
2325 1885
2326 1886
2327 1887
2328 1888
2329 1889
2330 1890
2331 1891
2332 1892
2333 1893
2334 1894
2335 1895
2336 1897
2337 1899
2338 1902
2339 1904
2340 1907
2341 1909
2342 1911
2343 1914
2344 1916
2345 1919
2346 1921
2347 1924
2348 1926
2349 1928
2350 1931
2351 1933
2352 1936
2353 1938
2354 1941
2355 1943
2356 1945
2357 1948
2358 1950
2359 1953
2360 1955
2361 1958
2362 1960
2363 1962
2364 1965
2365 1967
2366 1970
2367 1972
2368 1975
2369 1977
2370 1979
2371 1982
2372 1984
2373 1987
2374 1989
2375 1992
2376 1994
2377 1996
2378 1999
2379 2001
2380 2004
2381 2006
2382 2009
2383 2011
2384 2013
2385 2016
2386 2018
2387 2021
2388 2023
2389 2026
2390 2028
2391 2030
2392 2033
2393 2035
2394 2038
2395 2040
2396 2043
2397 2045
2398 2047
2399 2050
2400 2052
2401 2055
2402 2057
2403 2060
2404 2062
2405 2064
2406 2066
2407 2068
2408 2070
2409 2072
2410 2074
2411 2077
2412 2079
2413 2081
2414 2083
2415 2085
2416 2087
2417 2089
2418 2091
2419 2094
2420 2096
2421 2098
2422 2100
2423 2102
2424 2104
2425 2106
2426 2108
2427 2111
2428 2113
2429 2115
2430 2117
2431 2119
2432 2121
2433 2123
2434 2125
2435 2128
2436 2130
2437 2132
2438 2134
2439 2136
2440 2138
2441 2140
2442 2142
2443 2145
2444 2147
2445 2149
2446 2151
2447 2153
2448 2155
2449 2157
2450 2160
2451 2166
2452 2173
2453 2179
2454 2186
2455 2192
2456 2199
2457 2205
2458 2212
2459 2218
2460 2225
2461 2231
2462 2238
2463 2244
2464 2251
2465 2257
2466 2264
2467 2270
2468 2277
2469 2283
2470 2290
2471 2296
2472 2303
2473 2309
2474 2316
2475 2322
2476 2329
2477 2335
2478 2342
2479 2348
2480 2355
2481 2361
2482 2368
2483 2374
2484 2381
2485 2387
2486 2394
2487 2400
2488 2407
2489 2413
2490 2420
2491 2426
2492 2433
2493 2440
2494 2446
2495 2453
2496 2459
2497 2466
2498 2472
2499 2479
2500 2485
2501 2492
2502 2498
2503 2505
2504 2511
2505 2518
2506 2524
2507 2531
2508 2537
2509 2544
2510 2550
2511 2557
2512 2563
2513 2570
2514 2576
2515 2583
2516 2589
2517 2596
2518 2602
2519 2609
2520 2615
2521 2622
2522 2628
2523 2635
2524 2641
2525 2648
2526 2654
2527 2661
2528 2667
2529 2674
2530 2680
2531 2687
2532 2693
2533 2700
2534 2707
2535 2711
2536 2715
2537 2719
2538 2723
2539 2727
2540 2731
2541 2736
2542 2740
2543 2744
2544 2748
2545 2752
2546 2756
2547 2760
2548 2765
2549 2769
2550 2773
2551 2777
2552 2781
2553 2785
2554 2789
2555 2794
2556 2798
2557 2802
2558 2806
2559 2810
2560 2814
2561 2818
2562 2823
2563 2827
2564 2831
2565 2835
2566 2839
2567 2843
2568 2847
2569 2852
2570 2856
2571 2860
2572 2864
2573 2868
2574 2872
2575 2876
2576 2881
2577 2885
2578 2889
2579 2893
2580 2897
2581 2901
2582 2905
2583 2910
2584 2914
2585 2918
2586 2922
2587 2926
2588 2930
2589 2934
2590 2939
2591 2943
2592 2947
2593 2951
2594 2955
2595 2959
2596 2964
2597 2968
2598 2972
2599 2976
2600 2981
2601 2985
2602 2989
2603 2993
2604 2998
2605 3002
2606 3006
2607 3010
2608 3015
2609 3019
2610 3023
2611 3028
2612 3032
2613 3036
2614 3040
2615 3045
2616 3049
2617 3053
2618 3057
2619 3062
2620 3066
2621 3070
2622 3074
2623 3079
2624 3083
2625 3087
2626 3092
2627 3096
2628 3100
2629 3104
2630 3109
2631 3113
2632 3117
2633 3121
2634 3126
2635 3130
2636 3134
2637 3138
2638 3143
2639 3147
2640 3151
2641 3156
2642 3160
2643 3164
2644 3168
2645 3173
2646 3177
2647 3181
2648 3185
2649 3190
2650 3194
2651 3198
2652 3203
2653 3207
2654 3211
2655 3215
2656 3220
2657 3224
2658 3228
2659 3232
2660 3237
2661 3241
2662 3245
2663 3249
2664 3254
2665 3258
2666 3262
2667 3267
2668 3271
2669 3275
2670 3279
2671 3284
2672 3288
2673 3292
2674 3296
2675 3301
2676 3305
2677 3309
2678 3313
2679 3318
2680 3322
2681 3326
2682 3331
2683 3335
2684 3339
2685 3343
2686 3348
2687 3352
2688 3356
2689 3360
2690 3365
2691 3369
2692 3373
2693 3377
2694 3382
2695 3386
2696 3390
2697 3395
2698 3399
2699 3403
2700 3407
2701 3412
2702 3416
2703 3420
2704 3424
2705 3429
2706 3433
2707 3437
2708 3442
2709 3442
2710 3443
2711 3444
2712 3445
2713 3445
2714 3446
2715 3447
2716 3448
2717 3449
2718 3449
2719 3450
2720 3451
2721 3452
2722 3452
2723 3453
2724 3454
2725 3455
2726 3456
2727 3456
2728 3457
2729 3458
2730 3459
2731 3460
2732 3460
2733 3461
2734 3462
2735 3463
2736 3463
2737 3464
2738 3465
2739 3466
2740 3467
2741 3467
2742 3468
2743 3469
2744 3470
2745 3471
2746 3471
2747 3472
2748 3473
2749 3474
2750 3474
2751 3475
2752 3476
2753 3477
2754 3478
2755 3478
2756 3479
2757 3480
2758 3481
2759 3481
2760 3482
2761 3483
2762 3484
2763 3485
2764 3485
2765 3486
2766 3487
2767 3488
2768 3489
2769 3489
2770 3490
2771 3491
2772 3492
2773 3492
2774 3493
2775 3494
2776 3495
2777 3496
2778 3496
2779 3497
2780 3498
2781 3499
2782 3500
2783 3500
2784 3501
2785 3502
2786 3503
2787 3503
2788 3504
2789 3505
2790 3506
2791 3507
2792 3507
2793 3508
2794 3509
2795 3510
2796 3510
2797 3511
2798 3512
2799 3513
2800 3514
2801 3514
2802 3515
2803 3516
2804 3517
2805 3518
2806 3518
2807 3519
2808 3520
2809 3521
2810 3521
2811 3522
2812 3523
2813 3524
2814 3525
2815 3525
2816 3526
2817 3527
2818 3528
2819 3529
2820 3529
2821 3530
2822 3531
2823 3532
2824 3532
2825 3533
2826 3534
2827 3535
2828 3536
2829 3536
2830 3537
2831 3538
2832 3539
2833 3539
2834 3540
2835 3541
2836 3542
2837 3543
2838 3543
2839 3544
2840 3545
2841 3546
2842 3547
2843 3547
2844 3548
2845 3549
2846 3550
2847 3550
2848 3551
2849 3552
2850 3553
2851 3554
2852 3554
2853 3555
2854 3556
2855 3557
2856 3558
2857 3558
2858 3559
2859 3560
2860 3561
2861 3561
2862 3562
2863 3563
2864 3564
2865 3565
2866 3565
2867 3566
2868 3567
2869 3568
2870 3569
2871 3569
2872 3570
2873 3571
2874 3572
2875 3572
2876 3573
2877 3574
2878 3575
2879 3576
2880 3576
2881 3577
2882 3578
2883 3579
2884 3579
2885 3580
2886 3581
2887 3582
2888 3583
2889 3583
2890 3584
2891 3585
2892 3586
2893 3587
2894 3587
2895 3588
2896 3589
2897 3590
2898 3590
2899 3591
2900 3592
2901 3593
2902 3594
2903 3594
2904 3595
2905 3596
2906 3597
2907 3598
2908 3598
2909 3599
2910 3600
2911 3601
2912 3601
2913 3602
2914 3603
2915 3604
2916 3605
2917 3605
2918 3606
2919 3607
2920 3608
2921 3608
2922 3609
2923 3610
2924 3611
2925 3612
2926 3612
2927 3613
2928 3614
2929 3615
2930 3616
2931 3616
2932 3617
2933 3618
2934 3619
2935 3619
2936 3620
2937 3621
2938 3622
2939 3623
2940 3623
2941 3624
2942 3625
2943 3626
2944 3627
2945 3627
2946 3628
2947 3629
2948 3630
2949 3630
2950 3631
2951 3632
2952 3633
2953 3634
2954 3634
2955 3635
2956 3636
2957 3637
2958 3637
2959 3638
2960 3639
2961 3640
2962 3641
2963 3641
2964 3642
2965 3643
2966 3644
2967 3645
2968 3645
2969 3646
2970 3647
2971 3648
2972 3648
2973 3649
2974 3650
2975 3651
2976 3652
2977 3652
2978 3653
2979 3654
2980 3655
2981 3656
2982 3656
2983 3657
2984 3658
2985 3659
2986 3659
2987 3660
2988 3661
2989 3662
2990 3663
2991 3663
2992 3664
2993 3665
2994 3666
2995 3666
2996 3667
2997 3668
2998 3669
2999 3670
3000 3670
3001 3671
3002 3672
3003 3673
3004 3674
3005 3674
3006 3675
3007 3676
3008 3677
3009 3677
3010 3678
3011 3679
3012 3680
3013 3681
3014 3681
3015 3682
3016 3683
3017 3684
3018 3685
3019 3685
3020 3686
3021 3687
3022 3688
3023 3688
3024 3689
3025 3690
3026 3691
3027 3692
3028 3692
3029 3693
3030 3694
3031 3695
3032 3696
3033 3696
3034 3696
3035 3696
3036 3697
3037 3697
3038 3697
3039 3697
3040 3698
3041 3698
3042 3698
3043 3698
3044 3699
3045 3699
3046 3699
3047 3699
3048 3700
3049 3700
3050 3700
3051 3701
3052 3701
3053 3701
3054 3701
3055 3702
3056 3702
3057 3702
3058 3702
3059 3703
3060 3703
3061 3703
3062 3703
3063 3704
3064 3704
3065 3704
3066 3704
3067 3705
3068 3705
3069 3705
3070 3706
3071 3706
3072 3706
3073 3706
3074 3707
3075 3707
3076 3707
3077 3707
3078 3708
3079 3708
3080 3708
3081 3708
3082 3709
3083 3709
3084 3709
3085 3710
3086 3710
3087 3710
3088 3710
3089 3711
3090 3711
3091 3711
3092 3711
3093 3712
3094 3712
3095 3712
3096 3712
3097 3713
3098 3713
3099 3713
3100 3713
3101 3714
3102 3714
3103 3714
3104 3715
3105 3715
3106 3715
3107 3715
3108 3716
3109 3716
3110 3716
3111 3716
3112 3717
3113 3717
3114 3717
3115 3717
3116 3718
3117 3718
3118 3718
3119 3719
3120 3719
3121 3719
3122 3719
3123 3720
3124 3720
3125 3720
3126 3720
3127 3721
3128 3721
3129 3721
3130 3721
3131 3722
3132 3722
3133 3722
3134 3722
3135 3723
3136 3723
3137 3723
3138 3724
3139 3724
3140 3724
3141 3724
3142 3725
3143 3725
3144 3725
3145 3725
3146 3726
3147 3726
3148 3726
3149 3726
3150 3727
3151 3727
3152 3727
3153 3728
3154 3728
3155 3728
3156 3728
3157 3729
3158 3729
3159 3729
3160 3729
3161 3730
3162 3730
3163 3730
3164 3730
3165 3731
3166 3731
3167 3731
3168 3731
3169 3732
3170 3732
3171 3732
3172 3733
3173 3733
3174 3733
3175 3733
3176 3734
3177 3734
3178 3734
3179 3734
3180 3735
3181 3735
3182 3735
3183 3735
3184 3736
3185 3736
3186 3736
3187 3737
3188 3737
3189 3737
3190 3737
3191 3738
3192 3738
3193 3738
3194 3738
3195 3739
3196 3739
3197 3739
3198 3739
3199 3740
3200 3740
3201 3740
3202 3740
3203 3741
3204 3741
3205 3741
3206 3742
3207 3742
3208 3742
3209 3742
3210 3743
3211 3743
3212 3743
3213 3743
3214 3744
3215 3744
3216 3744
3217 3744
3218 3745
3219 3745
3220 3745
3221 3746
3222 3746
3223 3746
3224 3746
3225 3747
3226 3747
3227 3747
3228 3747
3229 3748
3230 3748
3231 3748
3232 3748
3233 3749
3234 3749
3235 3749
3236 3749
3237 3750
3238 3750
3239 3750
3240 3751
3241 3751
3242 3751
3243 3751
3244 3752
3245 3752
3246 3752
3247 3752
3248 3753
3249 3753
3250 3753
3251 3753
3252 3754
3253 3754
3254 3754
3255 3754
3256 3755
3257 3755
3258 3755
3259 3756
3260 3756
3261 3756
3262 3756
3263 3757
3264 3757
3265 3757
3266 3757
3267 3758
3268 3758
3269 3758
3270 3758
3271 3759
3272 3759
3273 3759
3274 3760
3275 3760
3276 3760
3277 3760
3278 3761
3279 3761
3280 3761
3281 3761
3282 3762
3283 3762
3284 3762
3285 3762
3286 3763
3287 3763
3288 3763
3289 3763
3290 3764
3291 3764
3292 3764
3293 3765
3294 3765
3295 3765
3296 3765
3297 3766
3298 3766
3299 3766
3300 3766
3301 3767
3302 3767
3303 3767
3304 3767
3305 3768
3306 3768
3307 3768
3308 3769
3309 3769
3310 3769
3311 3769
3312 3770
3313 3770
3314 3770
3315 3770
3316 3771
3317 3771
3318 3771
3319 3771
3320 3772
3321 3772
3322 3772
3323 3772
3324 3773
3325 3773
3326 3773
3327 3774
3328 3774
3329 3774
3330 3774
3331 3775
3332 3775
3333 3775
3334 3775
3335 3776
3336 3776
3337 3776
3338 3776
3339 3777
3340 3777
3341 3777
3342 3778
3343 3778
3344 3778
3345 3778
3346 3779
3347 3779
3348 3779
3349 3779
3350 3780
3351 3780
3352 3780
3353 3780
3354 3781
3355 3781
3356 3781
3357 3781
3358 3782
3359 3782
3360 3782
3361 3783
3362 3783
3363 3783
3364 3783
3365 3784
3366 3784
3367 3784
3368 3784
3369 3785
3370 3785
3371 3785
3372 3785
3373 3786
3374 3786
3375 3786
3376 3787
3377 3787
3378 3787
3379 3787
3380 3788
3381 3788
3382 3788
3383 3788
3384 3789
3385 3789
3386 3789
3387 3789
3388 3790
3389 3790
3390 3790
3391 3790
3392 3791
3393 3791
3394 3791
3395 3792
3396 3792
3397 3792
3398 3792
3399 3793
3400 3793
3401 3793
3402 3793
3403 3794
3404 3794
3405 3794
3406 3794
3407 3795
3408 3795
3409 3795
3410 3796
3411 3796
3412 3796
3413 3796
3414 3797
3415 3797
3416 3797
3417 3797
3418 3798
3419 3798
3420 3798
3421 3798
3422 3799
3423 3799
3424 3799
3425 3799
3426 3800
3427 3800
3428 3800
3429 3801
3430 3801
3431 3801
3432 3801
3433 3802
3434 3802
3435 3802
3436 3802
3437 3803
3438 3803
3439 3803
3440 3803
3441 3804
3442 3804
3443 3804
3444 3805
3445 3805
3446 3805
3447 3805
3448 3805
3449 3806
3450 3806
3451 3806
3452 3806
3453 3807
3454 3807
3455 3807
3456 3807
3457 3808
3458 3808
3459 3808
3460 3808
3461 3808
3462 3809
3463 3809
3464 3809
3465 3809
3466 3810
3467 3810
3468 3810
3469 3810
3470 3811
3471 3811
3472 3811
3473 3811
3474 3811
3475 3812
3476 3812
3477 3812
3478 3812
3479 3813
3480 3813
3481 3813
3482 3813
3483 3814
3484 3814
3485 3814
3486 3814
3487 3814
3488 3815
3489 3815
3490 3815
3491 3815
3492 3816
3493 3816
3494 3816
3495 3816
3496 3817
3497 3817
3498 3817
3499 3817
3500 3818
3501 3818
3502 3818
3503 3818
3504 3818
3505 3819
3506 3819
3507 3819
3508 3819
3509 3820
3510 3820
3511 3820
3512 3820
3513 3821
3514 3821
3515 3821
3516 3821
3517 3821
3518 3822
3519 3822
3520 3822
3521 3822
3522 3823
3523 3823
3524 3823
3525 3823
3526 3824
3527 3824
3528 3824
3529 3824
3530 3824
3531 3825
3532 3825
3533 3825
3534 3825
3535 3826
3536 3826
3537 3826
3538 3826
3539 3827
3540 3827
3541 3827
3542 3827
3543 3828
3544 3828
3545 3828
3546 3828
3547 3828
3548 3829
3549 3829
3550 3829
3551 3829
3552 3830
3553 3830
3554 3830
3555 3830
3556 3831
3557 3831
3558 3831
3559 3831
3560 3831
3561 3832
3562 3832
3563 3832
3564 3832
3565 3833
3566 3833
3567 3833
3568 3833
3569 3834
3570 3834
3571 3834
3572 3834
3573 3834
3574 3835
3575 3835
3576 3835
3577 3835
3578 3836
3579 3836
3580 3836
3581 3836
3582 3837
3583 3837
3584 3837
3585 3837
3586 3837
3587 3838
3588 3838
3589 3838
3590 3838
3591 3839
3592 3839
3593 3839
3594 3839
3595 3840
3596 3840
3597 3840
3598 3840
3599 3841
3600 3841
3601 3841
3602 3841
3603 3841
3604 3842
3605 3842
3606 3842
3607 3842
3608 3843
3609 3843
3610 3843
3611 3843
3612 3844
3613 3844
3614 3844
3615 3844
3616 3844
3617 3845
3618 3845
3619 3845
3620 3845
3621 3846
3622 3846
3623 3846
3624 3846
3625 3847
3626 3847
3627 3847
3628 3847
3629 3847
3630 3848
3631 3848
3632 3848
3633 3848
3634 3849
3635 3849
3636 3849
3637 3849
3638 3850
3639 3850
3640 3850
3641 3850
3642 3851
3643 3851
3644 3851
3645 3851
3646 3851
3647 3852
3648 3852
3649 3852
3650 3852
3651 3853
3652 3853
3653 3853
3654 3853
3655 3854
3656 3854
3657 3854
3658 3854
3659 3854
3660 3855
3661 3855
3662 3855
3663 3855
3664 3856
3665 3856
3666 3856
3667 3856
3668 3857
3669 3857
3670 3857
3671 3857
3672 3857
3673 3858
3674 3858
3675 3858
3676 3858
3677 3859
3678 3859
3679 3859
3680 3859
3681 3860
3682 3860
3683 3860
3684 3860
3685 3860
3686 3861
3687 3861
3688 3861
3689 3861
3690 3862
3691 3862
3692 3862
3693 3862
3694 3863
3695 3863
3696 3863
3697 3863
3698 3864
3699 3864
3700 3864
3701 3864
3702 3864
3703 3865
3704 3865
3705 3865
3706 3865
3707 3866
3708 3866
3709 3866
3710 3866
3711 3867
3712 3867
3713 3867
3714 3867
3715 3867
3716 3868
3717 3868
3718 3868
3719 3868
3720 3869
3721 3869
3722 3869
3723 3869
3724 3870
3725 3870
3726 3870
3727 3870
3728 3870
3729 3871
3730 3871
3731 3871
3732 3871
3733 3872
3734 3872
3735 3872
3736 3872
3737 3873
3738 3873
3739 3873
3740 3873
3741 3874
3742 3874
3743 3874
3744 3874
3745 3874
3746 3875
3747 3875
3748 3875
3749 3875
3750 3876
3751 3876
3752 3876
3753 3876
3754 3877
3755 3877
3756 3877
3757 3877
3758 3877
3759 3878
3760 3878
3761 3878
3762 3878
3763 3879
3764 3879
3765 3879
3766 3879
3767 3880
3768 3880
3769 3880
3770 3880
3771 3880
3772 3881
3773 3881
3774 3881
3775 3881
3776 3882
3777 3882
3778 3882
3779 3882
3780 3883
3781 3883
3782 3883
3783 3883
3784 3883
3785 3884
3786 3884
3787 3884
3788 3884
3789 3885
3790 3885
3791 3885
3792 3885
3793 3886
3794 3886
3795 3886
3796 3886
3797 3887
3798 3887
3799 3887
3800 3887
3801 3887
3802 3888
3803 3888
3804 3888
3805 3888
3806 3889
3807 3889
3808 3889
3809 3889
3810 3890
3811 3890
3812 3890
3813 3890
3814 3890
3815 3891
3816 3891
3817 3891
3818 3891
3819 3892
3820 3892
3821 3892
3822 3892
3823 3893
3824 3893
3825 3893
3826 3893
3827 3893
3828 3894
3829 3894
3830 3894
3831 3894
3832 3895
3833 3895
3834 3895
3835 3895
3836 3896
3837 3896
3838 3896
3839 3896
3840 3897
3841 3897
3842 3897
3843 3897
3844 3897
3845 3898
3846 3898
3847 3898
3848 3898
3849 3899
3850 3899
3851 3899
3852 3899
3853 3900
3854 3900
3855 3900
3856 3900
3857 3900
3858 3901
3859 3901
3860 3901
3861 3901
3862 3902
3863 3902
3864 3902
3865 3902
3866 3903
3867 3903
3868 3903
3869 3903
3870 3903
3871 3904
3872 3904
3873 3904
3874 3904
3875 3905
3876 3905
3877 3905
3878 3905
3879 3906
3880 3906
3881 3906
3882 3906
3883 3906
3884 3907
3885 3907
3886 3907
3887 3907
3888 3908
3889 3908
3890 3908
3891 3908
3892 3909
3893 3909
3894 3909
3895 3909
3896 3910
3897 3910
3898 3910
3899 3910
3900 3910
3901 3911
3902 3911
3903 3911
3904 3911
3905 3912
3906 3912
3907 3912
3908 3912
3909 3913
3910 3913
3911 3913
3912 3913
3913 3913
3914 3914
3915 3914
3916 3914
3917 3914
3918 3915
3919 3915
3920 3915
3921 3915
3922 3916
3923 3916
3924 3916
3925 3916
3926 3916
3927 3917
3928 3917
3929 3917
3930 3917
3931 3918
3932 3918
3933 3918
3934 3918
3935 3919
3936 3919
3937 3919
3938 3919
3939 3920
3940 3920
3941 3920
3942 3920
3943 3920
3944 3921
3945 3921
3946 3921
3947 3921
3948 3922
3949 3922
3950 3922
3951 3922
3952 3923
3953 3923
3954 3923
3955 3923
3956 3923
3957 3924
3958 3924
3959 3924
3960 3924
3961 3925
3962 3925
3963 3925
3964 3925
3965 3926
3966 3926
3967 3926
3968 3926
3969 3926
3970 3927
3971 3927
3972 3927
3973 3927
3974 3928
3975 3928
3976 3928
3977 3928
3978 3929
3979 3929
3980 3929
3981 3929
3982 3929
3983 3930
3984 3930
3985 3930
3986 3930
3987 3931
3988 3931
3989 3931
3990 3931
3991 3932
3992 3932
3993 3932
3994 3932
3995 3933
3996 3933
3997 3933
3998 3933
3999 3933
4000 3934
4001 3934
4002 3934
4003 3934
4004 3935
4005 3935
4006 3935
4007 3935
4008 3936
4009 3936
4010 3936
4011 3936
4012 3936
4013 3937
4014 3937
4015 3937
4016 3937
4017 3938
4018 3938
4019 3938
4020 3938
4021 3939
4022 3939
4023 3939
4024 3939
4025 3939
4026 3940
4027 3940
4028 3940
4029 3940
4030 3941
4031 3941
4032 3941
4033 3941
4034 3942
4035 3942
4036 3942
4037 3942
4038 3943
4039 3943
4040 3943
4041 3943
4042 3943
4043 3943
4044 3944
4045 3944
4046 3944
4047 3944
4048 3944
4049 3945
4050 3945
4051 3945
4052 3945
4053 3945
4054 3946
4055 3946
4056 3946
4057 3946
4058 3946
4059 3946
4060 3947
4061 3947
4062 3947
4063 3947
4064 3947
4065 3948
4066 3948
4067 3948
4068 3948
4069 3948
4070 3949
4071 3949
4072 3949
4073 3949
4074 3949
4075 3950
4076 3950
4077 3950
4078 3950
4079 3950
4080 3950
4081 3951
4082 3951
4083 3951
4084 3951
4085 3951
4086 3952
4087 3952
4088 3952
4089 3952
4090 3952
4091 3953
4092 3953
4093 3953
4094 3953
4095 3953
4096 3954
4097 3954
4098 3954
4099 3954
4100 3954
4101 3954
4102 3955
4103 3955
4104 3955
4105 3955
4106 3955
4107 3956
4108 3956
4109 3956
4110 3956
4111 3956
4112 3957
4113 3957
4114 3957
4115 3957
4116 3957
4117 3958
4118 3958
4119 3958
4120 3958
4121 3958
4122 3958
4123 3959
4124 3959
4125 3959
4126 3959
4127 3959
4128 3960
4129 3960
4130 3960
4131 3960
4132 3960
4133 3961
4134 3961
4135 3961
4136 3961
4137 3961
4138 3962
4139 3962
4140 3962
4141 3962
4142 3962
4143 3962
4144 3963
4145 3963
4146 3963
4147 3963
4148 3963
4149 3964
4150 3964
4151 3964
4152 3964
4153 3964
4154 3965
4155 3965
4156 3965
4157 3965
4158 3965
4159 3966
4160 3966
4161 3966
4162 3966
4163 3966
4164 3966
4165 3967
4166 3967
4167 3967
4168 3967
4169 3967
4170 3968
4171 3968
4172 3968
4173 3968
4174 3968
4175 3969
4176 3969
4177 3969
4178 3969
4179 3969
4180 3970
4181 3970
4182 3970
4183 3970
4184 3970
4185 3970
4186 3971
4187 3971
4188 3971
4189 3971
4190 3971
4191 3972
4192 3972
4193 3972
4194 3972
4195 3972
4196 3973
4197 3973
4198 3973
4199 3973
4200 3973
4201 3974
4202 3974
4203 3974
4204 3974
4205 3974
4206 3974
4207 3975
4208 3975
4209 3975
4210 3975
4211 3975
4212 3976
4213 3976
4214 3976
4215 3976
4216 3976
4217 3977
4218 3977
4219 3977
4220 3977
4221 3977
4222 3978
4223 3978
4224 3978
4225 3978
4226 3978
4227 3978
4228 3979
4229 3979
4230 3979
4231 3979
4232 3979
4233 3980
4234 3980
4235 3980
4236 3980
4237 3980
4238 3981
4239 3981
4240 3981
4241 3981
4242 3981
4243 3982
4244 3982
4245 3982
4246 3982
4247 3982
4248 3982
4249 3983
4250 3983
4251 3983
4252 3983
4253 3983
4254 3984
4255 3984
4256 3984
4257 3984
4258 3984
4259 3985
4260 3985
4261 3985
4262 3985
4263 3985
4264 3986
4265 3986
4266 3986
4267 3986
4268 3986
4269 3986
4270 3987
4271 3987
4272 3987
4273 3987
4274 3987
4275 3988
4276 3988
4277 3988
4278 3988
4279 3988
4280 3989
4281 3989
4282 3989
4283 3989
4284 3989
4285 3990
4286 3990
4287 3990
4288 3990
4289 3990
4290 3990
4291 3991
4292 3991
4293 3991
4294 3991
4295 3991
4296 3992
4297 3992
4298 3992
4299 3992
4300 3992
4301 3993
4302 3993
4303 3993
4304 3993
4305 3993
4306 3994
4307 3994
4308 3994
4309 3994
4310 3994
4311 3994
4312 3995
4313 3995
4314 3995
4315 3995
4316 3995
4317 3996
4318 3996
4319 3996
4320 3996
4321 3996
4322 3997
4323 3997
4324 3997
4325 3997
4326 3997
4327 3997
4328 3998
4329 3998
4330 3998
4331 3998
4332 3998
4333 3999
4334 3999
4335 3999
4336 3999
4337 3999
4338 4000
4339 4000
4340 4000
4341 4000
4342 4000
4343 4001
4344 4001
4345 4001
4346 4001
4347 4001
4348 4001
4349 4002
4350 4002
4351 4002
4352 4002
4353 4002
4354 4003
4355 4003
4356 4003
4357 4003
4358 4003
4359 4004
4360 4004
4361 4004
4362 4004
4363 4004
4364 4005
4365 4005
4366 4005
4367 4005
4368 4005
4369 4005
4370 4006
4371 4006
4372 4006
4373 4006
4374 4006
4375 4007
4376 4007
4377 4007
4378 4007
4379 4007
4380 4008
4381 4008
4382 4008
4383 4008
4384 4008
4385 4009
4386 4009
4387 4009
4388 4009
4389 4009
4390 4009
4391 4010
4392 4010
4393 4010
4394 4010
4395 4010
4396 4011
4397 4011
4398 4011
4399 4011
4400 4011
4401 4012
4402 4012
4403 4012
4404 4012
4405 4012
4406 4013
4407 4013
4408 4013
4409 4013
4410 4013
4411 4013
4412 4014
4413 4014
4414 4014
4415 4014
4416 4014
4417 4015
4418 4015
4419 4015
4420 4015
4421 4015
4422 4016
4423 4016
4424 4016
4425 4016
4426 4016
4427 4017
4428 4017
4429 4017
4430 4017
4431 4017
4432 4017
4433 4018
4434 4018
4435 4018
4436 4018
4437 4018
4438 4019
4439 4019
4440 4019
4441 4019
4442 4019
4443 4020
4444 4020
4445 4020
4446 4020
4447 4020
4448 4021
4449 4021
4450 4021
4451 4021
4452 4021
4453 4021
4454 4022
4455 4022
4456 4022
4457 4022
4458 4022
4459 4023
4460 4023
4461 4023
4462 4023
4463 4023
4464 4024
4465 4024
4466 4024
4467 4024
4468 4024
4469 4025
4470 4025
4471 4025
4472 4025
4473 4025
4474 4025
4475 4026
4476 4026
4477 4026
4478 4026
4479 4026
4480 4027
4481 4027
4482 4027
4483 4027
4484 4027
4485 4028
4486 4028
4487 4028
4488 4028
4489 4028
4490 4029
4491 4029
4492 4029
4493 4029
4494 4029
4495 4029
4496 4030
4497 4030
4498 4030
4499 4030
4500 4030
4501 4031
4502 4031
4503 4031
4504 4031
4505 4031
4506 4032
4507 4032
4508 4032
4509 4032
4510 4032
4511 4033
4512 4033
4513 4033
4514 4033
4515 4033
4516 4033
4517 4034
4518 4034
4519 4034
4520 4034
4521 4034
4522 4035
4523 4035
4524 4035
4525 4035
4526 4035
4527 4036
4528 4036
4529 4036
4530 4036
4531 4036
4532 4037
4533 4037
4534 4037
4535 4037
4536 4037
4537 4037
4538 4038
4539 4038
4540 4038
4541 4038
4542 4038
4543 4039
4544 4039
4545 4039
4546 4039
4547 4039
4548 4040
4549 4040
4550 4040
4551 4040
4552 4040
4553 4041
4554 4041
4555 4041
4556 4041
4557 4041
4558 4041
4559 4042
4560 4042
4561 4042
4562 4042
4563 4042
4564 4043
4565 4043
4566 4043
4567 4043
4568 4043
4569 4044
4570 4044
4571 4044
4572 4044
4573 4044
4574 4045
4575 4045
4576 4045
4577 4045
4578 4045
4579 4046
4580 4046
4581 4046
4582 4046
4583 4046
4584 4047
4585 4047
4586 4047
4587 4047
4588 4047
4589 4048
4590 4048
4591 4048
4592 4048
4593 4048
4594 4049
4595 4049
4596 4049
4597 4049
4598 4049
4599 4050
4600 4050
4601 4050
4602 4050
4603 4050
4604 4051
4605 4051
4606 4051
4607 4051
4608 4051
4609 4052
4610 4052
4611 4052
4612 4052
4613 4052
4614 4053
4615 4053
4616 4053
4617 4053
4618 4053
4619 4054
4620 4054
4621 4054
4622 4054
4623 4054
4624 4055
4625 4055
4626 4055
4627 4055
4628 4055
4629 4056
4630 4056
4631 4056
4632 4056
4633 4056
4634 4057
4635 4057
4636 4057
4637 4057
4638 4057
4639 4058
4640 4058
4641 4058
4642 4058
4643 4058
4644 4059
4645 4059
4646 4059
4647 4059
4648 4059
4649 4060
4650 4060
4651 4060
4652 4060
4653 4060
4654 4061
4655 4061
4656 4061
4657 4061
4658 4061
4659 4062
4660 4062
4661 4062
4662 4062
4663 4062
4664 4063
4665 4063
4666 4063
4667 4063
4668 4063
4669 4064
4670 4064
4671 4064
4672 4064
4673 4064
4674 4065
4675 4065
4676 4065
4677 4065
4678 4065
4679 4066
4680 4066
4681 4066
4682 4066
4683 4066
4684 4067
4685 4067
4686 4067
4687 4067
4688 4067
4689 4068
4690 4068
4691 4068
4692 4068
4693 4068
4694 4069
4695 4069
4696 4069
4697 4069
4698 4069
4699 4070
4700 4070
4701 4070
4702 4070
4703 4070
4704 4071
4705 4071
4706 4071
4707 4071
4708 4071
4709 4072
4710 4072
4711 4072
4712 4072
4713 4072
4714 4073
4715 4073
4716 4073
4717 4073
4718 4073
4719 4074
4720 4074
4721 4074
4722 4074
4723 4074
4724 4075
4725 4075
4726 4075
4727 4075
4728 4075
4729 4076
4730 4076
4731 4076
4732 4076
4733 4076
4734 4077
4735 4077
4736 4077
4737 4077
4738 4077
4739 4078
4740 4078
4741 4078
4742 4078
4743 4078
4744 4079
4745 4079
4746 4079
4747 4079
4748 4080
4749 4080
4750 4080
4751 4080
4752 4080
4753 4081
4754 4081
4755 4081
4756 4081
4757 4081
4758 4082
4759 4082
4760 4082
4761 4082
4762 4082
4763 4083
4764 4083
4765 4083
4766 4083
4767 4083
4768 4084
4769 4084
4770 4084
4771 4084
4772 4084
4773 4085
4774 4085
4775 4085
4776 4085
4777 4085
4778 4086
4779 4086
4780 4086
4781 4086
4782 4086
4783 4087
4784 4087
4785 4087
4786 4087
4787 4087
4788 4088
4789 4088
4790 4088
4791 4088
4792 4088
4793 4089
4794 4089
4795 4089
4796 4089
4797 4089
4798 4090
4799 4090
4800 4090
4801 4090
4802 4090
4803 4091
4804 4091
4805 4091
4806 4091
4807 4091
4808 4092
4809 4092
4810 4092
4811 4092
4812 4092
4813 4093
4814 4093
4815 4093
4816 4093
4817 4093
4818 4094
4819 4094
4820 4094
4821 4094
4822 4094
4823 4095
4824 4095
4825 4095
4826 4095
4827 4095
4828 4096
4829 4096
4830 4096
4831 4096
4832 4096
4833 4097
4834 4097
4835 4097
4836 4097
4837 4097
4838 4098
4839 4098
4840 4098
4841 4098
4842 4098
4843 4099
4844 4099
4845 4099
4846 4099
4847 4099
4848 4100
4849 4100
4850 4100
4851 4100
4852 4100
4853 4101
4854 4101
4855 4101
4856 4101
4857 4101
4858 4102
4859 4102
4860 4102
4861 4102
4862 4102
4863 4103
4864 4103
4865 4103
4866 4103
4867 4103
4868 4104
4869 4104
4870 4104
4871 4104
4872 4104
4873 4105
4874 4105
4875 4105
4876 4105
4877 4105
4878 4106
4879 4106
4880 4106
4881 4106
4882 4106
4883 4107
4884 4107
4885 4107
4886 4107
4887 4107
4888 4108
4889 4108
4890 4108
4891 4108
4892 4108
4893 4109
4894 4109
4895 4109
4896 4109
4897 4109
4898 4110
4899 4110
4900 4110
4901 4110
4902 4110
4903 4111
4904 4111
4905 4111
4906 4111
4907 4111
4908 4112
4909 4112
4910 4112
4911 4112
4912 4112
4913 4113
4914 4113
4915 4113
4916 4113
4917 4114
4918 4114
4919 4114
4920 4114
4921 4114
4922 4115
4923 4115
4924 4115
4925 4115
4926 4116
4927 4116
4928 4116
4929 4116
4930 4116
4931 4117
4932 4117
4933 4117
4934 4117
4935 4118
4936 4118
4937 4118
4938 4118
4939 4118
4940 4119
4941 4119
4942 4119
4943 4119
4944 4120
4945 4120
4946 4120
4947 4120
4948 4120
4949 4121
4950 4121
4951 4121
4952 4121
4953 4122
4954 4122
4955 4122
4956 4122
4957 4123
4958 4123
4959 4123
4960 4123
4961 4123
4962 4124
4963 4124
4964 4124
4965 4124
4966 4125
4967 4125
4968 4125
4969 4125
4970 4125
4971 4126
4972 4126
4973 4126
4974 4126
4975 4127
4976 4127
4977 4127
4978 4127
4979 4127
4980 4128
4981 4128
4982 4128
4983 4128
4984 4129
4985 4129
4986 4129
4987 4129
4988 4130
4989 4130
4990 4130
4991 4130
4992 4130
4993 4131
4994 4131
4995 4131
4996 4131
4997 4132
4998 4132
4999 4132
5000 4132
5001 4132
5002 4133
5003 4133
5004 4133
5005 4133
5006 4134
5007 4134
5008 4134
5009 4134
5010 4134
5011 4135
5012 4135
5013 4135
5014 4135
5015 4136
5016 4136
5017 4136
5018 4136
5019 4136
5020 4137
5021 4137
5022 4137
5023 4137
5024 4138
5025 4138
5026 4138
5027 4138
5028 4139
5029 4139
5030 4139
5031 4139
5032 4139
5033 4140
5034 4140
5035 4140
5036 4140
5037 4141
5038 4141
5039 4141
5040 4141
5041 4141
5042 4142
5043 4142
5044 4142
5045 4142
5046 4143
5047 4143
5048 4143
5049 4143
5050 4143
5051 4144
5052 4144
5053 4144
5054 4144
5055 4145
5056 4145
5057 4145
5058 4145
5059 4146
5060 4146
5061 4146
5062 4146
5063 4146
5064 4147
5065 4147
5066 4147
5067 4147
5068 4148
5069 4148
5070 4148
5071 4148
5072 4148
5073 4149
5074 4149
5075 4149
5076 4149
5077 4150
5078 4150
5079 4150
5080 4150
5081 4150
5082 4151
5083 4151
5084 4151
5085 4151
5086 4152
5087 4152
5088 4152
5089 4152
5090 4152
5091 4153
5092 4153
5093 4153
5094 4153
5095 4154
5096 4154
5097 4154
5098 4154
5099 4155
5100 4155
5101 4155
5102 4155
5103 4155
5104 4156
5105 4156
5106 4156
5107 4156
5108 4157
5109 4157
5110 4157
5111 4157
5112 4157
5113 4158
5114 4158
5115 4158
5116 4158
5117 4159
5118 4159
5119 4159
5120 4159
5121 4159
5122 4160
5123 4160
5124 4160
5125 4160
5126 4161
5127 4161
5128 4161
5129 4161
5130 4162
5131 4162
5132 4162
5133 4162
5134 4162
5135 4163
5136 4163
5137 4163
5138 4163
5139 4164
5140 4164
5141 4164
5142 4164
5143 4164
5144 4165
5145 4165
5146 4165
5147 4165
5148 4166
5149 4166
5150 4166
5151 4166
5152 4166
5153 4167
5154 4167
5155 4167
5156 4167
5157 4168
5158 4168
5159 4168
5160 4168
5161 4169
5162 4169
5163 4169
5164 4169
5165 4169
5166 4170
5167 4170
5168 4170
5169 4170
5170 4171
5171 4171
5172 4171
5173 4171
5174 4171
5175 4172
5176 4172
5177 4172
5178 4172
5179 4173
5180 4173
5181 4173
5182 4173
5183 4173
5184 4174
5185 4174
5186 4174
5187 4174
5188 4175
5189 4175
5190 4175
5191 4175
5192 4175
5193 4176
5194 4176
5195 4176
5196 4176
5197 4177
5198 4177
5199 4177
5200 4177
5201 4178
5202 4178
5203 4178
5204 4178
5205 4178
5206 4179
5207 4179
5208 4179
5209 4179
5210 4180
5211 4180
5212 4180
5213 4180
5214 4180
5215 4181
5216 4181
5217 4181
5218 4181
5219 4182
5220 4182
5221 4182
5222 4182
5223 4182
5224 4183
5225 4183
5226 4183
5227 4183
5228 4184
5229 4184
5230 4184
5231 4184
5232 4185
5233 4185
5234 4185
5235 4185
5236 4185
5237 4186
5238 4186
5239 4186
5240 4186
5241 4187
5242 4187
5243 4187
5244 4187
5245 4187
5246 4188
5247 4188
5248 4188
5249 4188
5250 4189
5251 4189
5252 4189
5253 4189
5254 4189
5255 4190
5256 4190
5257 4190
5258 4190
5259 4191
5260 4191
5261 4191
5262 4191
5263 4191
5264 4192
5265 4192
5266 4192
5267 4192
5268 4193
5269 4193
5270 4193
5271 4193
5272 4194
5273 4194
5274 4194
5275 4194
5276 4194
5277 4195
5278 4195
5279 4195
5280 4195
5281 4196
5282 4196
5283 4196
5284 4196
5285 4196
5286 4197
5287 4197
5288 4197
5289 4197
5290 4198
5291 4198
5292 4198
5293 4198
5294 4198
5295 4199
5296 4199
5297 4199
5298 4199
5299 4200
5300 4200
5301 4200
5302 4200
5303 4201
5304 4201
5305 4201
5306 4201
5307 4201
5308 4202
5309 4202
5310 4202
5311 4202
5312 4203
5313 4203
5314 4203
5315 4203
5316 4203
5317 4204
5318 4204
5319 4204
5320 4204
5321 4205
5322 4205
5323 4205
5324 4205
5325 4205
5326 4206
5327 4206
5328 4206
5329 4206
5330 4207
5331 4207
5332 4207
5333 4207
5334 4207
5335 4208
5336 4208
5337 4208
5338 4208
5339 4209
5340 4209
5341 4209
5342 4209
5343 4210
5344 4210
5345 4210
5346 4210
5347 4210
5348 4211
5349 4211
5350 4211
5351 4211
5352 4212
5353 4212
5354 4212
5355 4212
5356 4212
5357 4213
5358 4213
5359 4213
5360 4213
5361 4214
5362 4214
5363 4214
5364 4214
5365 4214
5366 4215
5367 4215
5368 4215
5369 4215
5370 4216
5371 4216
5372 4216
5373 4216
5374 4217
5375 4217
5376 4217
5377 4217
5378 4217
5379 4218
5380 4218
5381 4218
5382 4218
5383 4219
5384 4219
5385 4219
5386 4219
5387 4219
5388 4220
5389 4220
5390 4220
5391 4220
5392 4221
5393 4221
5394 4221
5395 4221
5396 4221
5397 4222
5398 4222
5399 4222
5400 4222
5401 4223
5402 4223
5403 4223
5404 4223
5405 4224
5406 4224
5407 4224
5408 4224
5409 4224
5410 4224
5411 4225
5412 4225
5413 4225
5414 4225
5415 4225
5416 4226
5417 4226
5418 4226
5419 4226
5420 4226
5421 4227
5422 4227
5423 4227
5424 4227
5425 4227
5426 4228
5427 4228
5428 4228
5429 4228
5430 4228
5431 4229
5432 4229
5433 4229
5434 4229
5435 4229
5436 4230
5437 4230
5438 4230
5439 4230
5440 4230
5441 4231
5442 4231
5443 4231
5444 4231
5445 4231
5446 4232
5447 4232
5448 4232
5449 4232
5450 4232
5451 4232
5452 4233
5453 4233
5454 4233
5455 4233
5456 4233
5457 4234
5458 4234
5459 4234
5460 4234
5461 4234
5462 4235
5463 4235
5464 4235
5465 4235
5466 4235
5467 4236
5468 4236
5469 4236
5470 4236
5471 4236
5472 4237
5473 4237
5474 4237
5475 4237
5476 4237
5477 4238
5478 4238
5479 4238
5480 4238
5481 4238
5482 4239
5483 4239
5484 4239
5485 4239
5486 4239
5487 4240
5488 4240
5489 4240
5490 4240
5491 4240
5492 4241
5493 4241
5494 4241
5495 4241
5496 4241
5497 4241
5498 4242
5499 4242
5500 4242
5501 4242
5502 4242
5503 4243
5504 4243
5505 4243
5506 4243
5507 4243
5508 4244
5509 4244
5510 4244
5511 4244
5512 4244
5513 4245
5514 4245
5515 4245
5516 4245
5517 4245
5518 4246
5519 4246
5520 4246
5521 4246
5522 4246
5523 4247
5524 4247
5525 4247
5526 4247
5527 4247
5528 4248
5529 4248
5530 4248
5531 4248
5532 4248
5533 4249
5534 4249
5535 4249
5536 4249
5537 4249
5538 4250
5539 4250
5540 4250
5541 4250
5542 4250
5543 4250
5544 4251
5545 4251
5546 4251
5547 4251
5548 4251
5549 4252
5550 4252
5551 4252
5552 4252
5553 4252
5554 4253
5555 4253
5556 4253
5557 4253
5558 4253
5559 4254
5560 4254
5561 4254
5562 4254
5563 4254
5564 4255
5565 4255
5566 4255
5567 4255
5568 4255
5569 4256
5570 4256
5571 4256
5572 4256
5573 4256
5574 4257
5575 4257
5576 4257
5577 4257
5578 4257
5579 4258
5580 4258
5581 4258
5582 4258
5583 4258
5584 4259
5585 4259
5586 4259
5587 4259
5588 4259
5589 4259
5590 4260
5591 4260
5592 4260
5593 4260
5594 4260
5595 4261
5596 4261
5597 4261
5598 4261
5599 4261
5600 4262
5601 4262
5602 4262
5603 4262
5604 4262
5605 4263
5606 4263
5607 4263
5608 4263
5609 4263
5610 4264
5611 4264
5612 4264
5613 4264
5614 4264
5615 4265
5616 4265
5617 4265
5618 4265
5619 4265
5620 4266
5621 4266
5622 4266
5623 4266
5624 4266
5625 4267
5626 4267
5627 4267
5628 4267
5629 4267
5630 4267
5631 4268
5632 4268
5633 4268
5634 4268
5635 4268
5636 4269
5637 4269
5638 4269
5639 4269
5640 4269
5641 4270
5642 4270
5643 4270
5644 4270
5645 4270
5646 4271
5647 4271
5648 4271
5649 4271
5650 4271
5651 4272
5652 4272
5653 4272
5654 4272
5655 4272
5656 4273
5657 4273
5658 4273
5659 4273
5660 4273
5661 4274
5662 4274
5663 4274
5664 4274
5665 4274
5666 4275
5667 4275
5668 4275
5669 4275
5670 4275
5671 4276
5672 4276
5673 4276
5674 4276
5675 4276
5676 4276
5677 4277
5678 4277
5679 4277
5680 4277
5681 4277
5682 4278
5683 4278
5684 4278
5685 4278
5686 4278
5687 4279
5688 4279
5689 4279
5690 4279
5691 4279
5692 4280
5693 4280
5694 4280
5695 4280
5696 4280
5697 4281
5698 4281
5699 4281
5700 4281
5701 4281
5702 4282
5703 4282
5704 4282
5705 4282
5706 4282
5707 4283
5708 4283
5709 4283
5710 4283
5711 4283
5712 4284
5713 4284
5714 4284
5715 4284
5716 4284
5717 4285
5718 4285
5719 4285
5720 4285
5721 4285
5722 4285
5723 4286
5724 4286
5725 4286
5726 4286
5727 4286
5728 4287
5729 4287
5730 4287
5731 4287
5732 4287
5733 4288
5734 4288
5735 4288
5736 4288
5737 4288
5738 4289
5739 4289
5740 4289
5741 4289
5742 4289
5743 4290
5744 4290
5745 4290
5746 4290
5747 4290
5748 4291
5749 4291
5750 4291
5751 4291
5752 4291
5753 4292
5754 4292
5755 4292
5756 4292
5757 4292
5758 4293
5759 4293
5760 4293
5761 4293
5762 4293
5763 4294
5764 4294
5765 4294
5766 4294
5767 4294
5768 4294
5769 4295
5770 4295
5771 4295
5772 4295
5773 4295
5774 4296
5775 4296
5776 4296
5777 4296
5778 4296
5779 4297
5780 4297
5781 4297
5782 4297
5783 4297
5784 4298
5785 4298
5786 4298
5787 4298
5788 4298
5789 4299
5790 4299
5791 4299
5792 4299
5793 4299
5794 4300
5795 4300
5796 4300
5797 4300
5798 4300
5799 4301
5800 4301
5801 4301
5802 4301
5803 4301
5804 4302
5805 4302
5806 4302
5807 4302
5808 4302
5809 4302
5810 4303
5811 4303
5812 4303
5813 4303
5814 4303
5815 4304
5816 4304
5817 4304
5818 4304
5819 4304
5820 4305
5821 4305
5822 4305
5823 4305
5824 4305
5825 4306
5826 4306
5827 4306
5828 4306
5829 4306
5830 4307
5831 4307
5832 4307
5833 4307
5834 4307
5835 4308
5836 4308
5837 4308
5838 4308
5839 4308
5840 4309
5841 4309
5842 4309
5843 4309
5844 4309
5845 4310
5846 4310
5847 4310
5848 4310
5849 4310
5850 4311
5851 4311
5852 4311
5853 4311
5854 4311
5855 4311
5856 4312
5857 4312
5858 4312
5859 4312
5860 4312
5861 4313
5862 4313
5863 4313
5864 4313
5865 4313
5866 4314
5867 4314
5868 4314
5869 4314
5870 4314
5871 4315
5872 4315
5873 4315
5874 4315
5875 4315
5876 4316
5877 4316
5878 4316
5879 4316
5880 4316
5881 4317
5882 4317
5883 4317
5884 4317
5885 4317
5886 4318
5887 4318
5888 4318
5889 4318
5890 4318
5891 4319
5892 4319
5893 4319
5894 4319
5895 4319
5896 4320
5897 4320
5898 4320
5899 4320
5900 4320
5901 4320
5902 4321
5903 4321
5904 4321
5905 4321
5906 4321
5907 4322
5908 4322
5909 4322
5910 4322
5911 4322
5912 4323
5913 4323
5914 4323
5915 4323
5916 4323
5917 4324
5918 4324
5919 4324
5920 4324
5921 4324
5922 4325
5923 4325
5924 4325
5925 4325
5926 4325
5927 4326
5928 4326
5929 4326
5930 4326
5931 4326
5932 4327
5933 4327
5934 4327
5935 4327
5936 4327
5937 4328
5938 4328
5939 4328
5940 4328
5941 4328
5942 4329
5943 4329
5944 4329
5945 4329
5946 4329
5947 4329
5948 4330
5949 4330
5950 4330
5951 4330
5952 4330
5953 4331
5954 4331
5955 4331
5956 4331
5957 4331
5958 4332
5959 4332
5960 4332
5961 4332
5962 4332
5963 4333
5964 4333
5965 4333
5966 4333
5967 4333
5968 4334
5969 4334
5970 4334
5971 4334
5972 4334
5973 4335
5974 4335
5975 4335
5976 4335
5977 4335
5978 4336
5979 4336
5980 4336
5981 4336
5982 4336
5983 4337
5984 4337
5985 4337
5986 4337
5987 4337
5988 4337
5989 4338
5990 4338
5991 4338
5992 4338
5993 4338
5994 4339
5995 4339
5996 4339
5997 4339
5998 4339
5999 4340
6000 4340
6001 4340
6002 4340
6003 4340
6004 4341
6005 4341
6006 4341
6007 4341
6008 4341
6009 4342
6010 4342
6011 4342
6012 4342
6013 4342
6014 4343
6015 4343
6016 4343
6017 4343
6018 4343
6019 4344
6020 4344
6021 4344
6022 4344
6023 4344
6024 4345
6025 4345
6026 4345
6027 4345
6028 4345
6029 4346
6030 4346
6031 4346
6032 4346
6033 4346
6034 4346
6035 4347
6036 4347
6037 4347
6038 4347
6039 4347
6040 4348
6041 4348
6042 4348
6043 4348
6044 4348
6045 4349
6046 4349
6047 4349
6048 4349
6049 4349
6050 4350
6051 4350
6052 4350
6053 4350
6054 4350
6055 4351
6056 4351
6057 4351
6058 4351
6059 4351
6060 4352
6061 4352
6062 4352
6063 4352
6064 4352
6065 4353
6066 4353
6067 4353
6068 4353
6069 4353
6070 4354
6071 4354
6072 4354
6073 4354
6074 4354
6075 4355
6076 4355
6077 4355
6078 4355
6079 4355
6080 4355
6081 4356
6082 4356
6083 4356
6084 4356
6085 4356
6086 4357
6087 4357
6088 4357
6089 4357
6090 4357
6091 4358
6092 4358
6093 4358
6094 4358
6095 4358
6096 4359
6097 4359
6098 4359
6099 4359
6100 4359
6101 4360
6102 4360
6103 4360
6104 4360
6105 4360
6106 4361
6107 4361
6108 4361
6109 4361
6110 4361
6111 4362
6112 4362
6113 4362
6114 4362
6115 4362
6116 4363
6117 4363
6118 4363
6119 4363
6120 4363
6121 4364
6122 4364
6123 4364
6124 4364
6125 4364
6126 4364
6127 4364
6128 4365
6129 4365
6130 4365
6131 4365
6132 4365
6133 4365
6134 4366
6135 4366
6136 4366
6137 4366
6138 4366
6139 4366
6140 4367
6141 4367
6142 4367
6143 4367
6144 4367
6145 4367
6146 4367
6147 4368
6148 4368
6149 4368
6150 4368
6151 4368
6152 4368
6153 4369
6154 4369
6155 4369
6156 4369
6157 4369
6158 4369
6159 4370
6160 4370
6161 4370
6162 4370
6163 4370
6164 4370
6165 4370
6166 4371
6167 4371
6168 4371
6169 4371
6170 4371
6171 4371
6172 4372
6173 4372
6174 4372
6175 4372
6176 4372
6177 4372
6178 4373
6179 4373
6180 4373
6181 4373
6182 4373
6183 4373
6184 4374
6185 4374
6186 4374
6187 4374
6188 4374
6189 4374
6190 4374
6191 4375
6192 4375
6193 4375
6194 4375
6195 4375
6196 4375
6197 4376
6198 4376
6199 4376
6200 4376
6201 4376
6202 4376
6203 4377
6204 4377
6205 4377
6206 4377
6207 4377
6208 4377
6209 4377
6210 4378
6211 4378
6212 4378
6213 4378
6214 4378
6215 4378
6216 4379
6217 4379
6218 4379
6219 4379
6220 4379
6221 4379
6222 4380
6223 4380
6224 4380
6225 4380
6226 4380
6227 4380
6228 4380
6229 4381
6230 4381
6231 4381
6232 4381
6233 4381
6234 4381
6235 4382
6236 4382
6237 4382
6238 4382
6239 4382
6240 4382
6241 4383
6242 4383
6243 4383
6244 4383
6245 4383
6246 4383
6247 4384
6248 4384
6249 4384
6250 4384
6251 4384
6252 4384
6253 4384
6254 4385
6255 4385
6256 4385
6257 4385
6258 4385
6259 4385
6260 4386
6261 4386
6262 4386
6263 4386
6264 4386
6265 4386
6266 4387
6267 4387
6268 4387
6269 4387
6270 4387
6271 4387
6272 4387
6273 4388
6274 4388
6275 4388
6276 4388
6277 4388
6278 4388
6279 4389
6280 4389
6281 4389
6282 4389
6283 4389
6284 4389
6285 4390
6286 4390
6287 4390
6288 4390
6289 4390
6290 4390
6291 4391
6292 4391
6293 4391
6294 4391
6295 4391
6296 4391
6297 4391
6298 4392
6299 4392
6300 4392
6301 4392
6302 4392
6303 4392
6304 4393
6305 4393
6306 4393
6307 4393
6308 4393
6309 4393
6310 4394
6311 4394
6312 4394
6313 4394
6314 4394
6315 4394
6316 4394
6317 4395
6318 4395
6319 4395
6320 4395
6321 4395
6322 4395
6323 4396
6324 4396
6325 4396
6326 4396
6327 4396
6328 4396
6329 4397
6330 4397
6331 4397
6332 4397
6333 4397
6334 4397
6335 4397
6336 4398
6337 4398
6338 4398
6339 4398
6340 4398
6341 4398
6342 4399
6343 4399
6344 4399
6345 4399
6346 4399
6347 4399
6348 4400
6349 4400
6350 4400
6351 4400
6352 4400
6353 4400
6354 4401
6355 4401
6356 4401
6357 4401
6358 4401
6359 4401
6360 4401
6361 4402
6362 4402
6363 4402
6364 4402
6365 4402
6366 4402
6367 4403
6368 4403
6369 4403
6370 4403
6371 4403
6372 4403
6373 4404
6374 4404
6375 4404
6376 4404
6377 4404
6378 4404
6379 4404
6380 4405
6381 4405
6382 4405
6383 4405
6384 4405
6385 4405
6386 4406
6387 4406
6388 4406
6389 4406
6390 4406
6391 4406
6392 4407
6393 4407
6394 4407
6395 4407
6396 4407
6397 4407
6398 4408
6399 4408
6400 4408
6401 4408
6402 4408
6403 4408
6404 4408
6405 4409
6406 4409
6407 4409
6408 4409
6409 4409
6410 4409
6411 4410
6412 4410
6413 4410
6414 4410
6415 4410
6416 4410
6417 4411
6418 4411
6419 4411
6420 4411
6421 4411
6422 4411
6423 4411
6424 4412
6425 4412
6426 4412
6427 4412
6428 4412
6429 4412
6430 4413
6431 4413
6432 4413
6433 4413
6434 4413
6435 4413
6436 4414
6437 4414
6438 4414
6439 4414
6440 4414
6441 4414
6442 4414
6443 4415
6444 4415
6445 4415
6446 4415
6447 4415
6448 4415
6449 4416
6450 4416
6451 4416
6452 4416
6453 4416
6454 4416
6455 4417
6456 4417
6457 4417
6458 4417
6459 4417
6460 4417
6461 4418
6462 4418
6463 4418
6464 4418
6465 4418
6466 4418
6467 4418
6468 4419
6469 4419
6470 4419
6471 4419
6472 4419
6473 4419
6474 4420
6475 4420
6476 4420
6477 4420
6478 4420
6479 4420
6480 4421
6481 4421
6482 4421
6483 4421
6484 4421
6485 4421
6486 4421
6487 4422
6488 4422
6489 4422
6490 4422
6491 4422
6492 4422
6493 4423
6494 4423
6495 4423
6496 4423
6497 4423
6498 4423
6499 4424
6500 4424
6501 4424
6502 4424
6503 4424
6504 4424
6505 4425
6506 4425
6507 4425
6508 4425
6509 4425
6510 4425
6511 4425
6512 4426
6513 4426
6514 4426
6515 4426
6516 4426
6517 4426
6518 4427
6519 4427
6520 4427
6521 4427
6522 4427
6523 4427
6524 4428
6525 4428
6526 4428
6527 4428
6528 4428
6529 4428
6530 4428
6531 4429
6532 4429
6533 4429
6534 4429
6535 4429
6536 4429
6537 4430
6538 4430
6539 4430
6540 4430
6541 4430
6542 4430
6543 4431
6544 4431
6545 4431
6546 4431
6547 4431
6548 4431
6549 4431
6550 4432
6551 4432
6552 4432
6553 4432
6554 4432
6555 4432
6556 4433
6557 4433
6558 4433
6559 4433
6560 4433
6561 4433
6562 4434
6563 4434
6564 4434
6565 4434
6566 4434
6567 4434
6568 4435
6569 4435
6570 4435
6571 4435
6572 4435
6573 4435
6574 4435
6575 4436
6576 4436
6577 4436
6578 4436
6579 4436
6580 4436
6581 4437
6582 4437
6583 4437
6584 4437
6585 4437
6586 4437
6587 4438
6588 4438
6589 4438
6590 4438
6591 4438
6592 4438
6593 4438
6594 4439
6595 4439
6596 4439
6597 4439
6598 4439
6599 4439
6600 4440
6601 4440
6602 4440
6603 4440
6604 4440
6605 4440
6606 4441
6607 4441
6608 4441
6609 4441
6610 4441
6611 4441
6612 4442
6613 4442
6614 4442
6615 4442
6616 4442
6617 4442
6618 4442
6619 4443
6620 4443
6621 4443
6622 4443
6623 4443
6624 4443
6625 4444
6626 4444
6627 4444
6628 4444
6629 4444
6630 4444
6631 4445
6632 4445
6633 4445
6634 4445
6635 4445
6636 4445
6637 4445
6638 4446
6639 4446
6640 4446
6641 4446
6642 4446
6643 4446
6644 4447
6645 4447
6646 4447
6647 4447
6648 4447
6649 4447
6650 4448
6651 4448
6652 4448
6653 4448
6654 4448
6655 4448
6656 4448
6657 4449
6658 4449
6659 4449
6660 4449
6661 4449
6662 4449
6663 4450
6664 4450
6665 4450
6666 4450
6667 4450
6668 4450
6669 4451
6670 4451
6671 4451
6672 4451
6673 4451
6674 4451
6675 4452
6676 4452
6677 4452
6678 4452
6679 4452
6680 4452
6681 4452
6682 4453
6683 4453
6684 4453
6685 4453
6686 4453
6687 4453
6688 4454
6689 4454
6690 4454
6691 4454
6692 4454
6693 4454
6694 4455
6695 4455
6696 4455
6697 4455
6698 4455
6699 4455
6700 4455
6701 4456
6702 4456
6703 4456
6704 4456
6705 4456
6706 4456
6707 4457
6708 4457
6709 4457
6710 4457
6711 4457
6712 4457
6713 4458
6714 4458
6715 4458
6716 4458
6717 4458
6718 4458
6719 4459
6720 4459
6721 4459
6722 4459
6723 4460
6724 4460
6725 4460
6726 4461
6727 4461
6728 4461
6729 4462
6730 4462
6731 4462
6732 4463
6733 4463
6734 4463
6735 4464
6736 4464
6737 4464
6738 4465
6739 4465
6740 4465
6741 4466
6742 4466
6743 4466
6744 4467
6745 4467
6746 4467
6747 4468
6748 4468
6749 4468
6750 4469
6751 4469
6752 4469
6753 4470
6754 4470
6755 4470
6756 4471
6757 4471
6758 4471
6759 4472
6760 4472
6761 4472
6762 4473
6763 4473
6764 4473
6765 4474
6766 4474
6767 4474
6768 4475
6769 4475
6770 4475
6771 4476
6772 4476
6773 4476
6774 4477
6775 4477
6776 4477
6777 4478
6778 4478
6779 4478
6780 4479
6781 4479
6782 4479
6783 4480
6784 4480
6785 4480
6786 4481
6787 4481
6788 4481
6789 4482
6790 4482
6791 4482
6792 4483
6793 4483
6794 4483
6795 4484
6796 4484
6797 4484
6798 4485
6799 4485
6800 4485
6801 4486
6802 4486
6803 4486
6804 4487
6805 4487
6806 4487
6807 4488
6808 4488
6809 4488
6810 4489
6811 4489
6812 4489
6813 4490
6814 4490
6815 4490
6816 4491
6817 4491
6818 4491
6819 4492
6820 4492
6821 4492
6822 4493
6823 4493
6824 4493
6825 4494
6826 4494
6827 4494
6828 4495
6829 4495
6830 4495
6831 4496
6832 4496
6833 4496
6834 4496
6835 4497
6836 4497
6837 4497
6838 4498
6839 4498
6840 4498
6841 4499
6842 4499
6843 4499
6844 4500
6845 4500
6846 4500
6847 4501
6848 4501
6849 4501
6850 4502
6851 4502
6852 4502
6853 4503
6854 4503
6855 4503
6856 4504
6857 4504
6858 4504
6859 4505
6860 4505
6861 4505
6862 4506
6863 4506
6864 4506
6865 4507
6866 4507
6867 4507
6868 4508
6869 4508
6870 4508
6871 4509
6872 4509
6873 4509
6874 4510
6875 4510
6876 4510
6877 4511
6878 4511
6879 4511
6880 4512
6881 4512
6882 4512
6883 4513
6884 4513
6885 4513
6886 4514
6887 4514
6888 4514
6889 4515
6890 4515
6891 4515
6892 4516
6893 4516
6894 4516
6895 4517
6896 4517
6897 4517
6898 4518
6899 4518
6900 4518
6901 4519
6902 4519
6903 4519
6904 4520
6905 4520
6906 4520
6907 4521
6908 4521
6909 4521
6910 4522
6911 4522
6912 4522
6913 4523
6914 4523
6915 4523
6916 4524
6917 4524
6918 4524
6919 4525
6920 4525
6921 4525
6922 4526
6923 4526
6924 4526
6925 4527
6926 4527
6927 4527
6928 4528
6929 4528
6930 4528
6931 4529
6932 4529
6933 4529
6934 4530
6935 4530
6936 4530
6937 4531
6938 4531
6939 4531
6940 4532
6941 4532
6942 4532
6943 4533
6944 4533
6945 4533
6946 4534
6947 4534
6948 4534
6949 4534
6950 4535
6951 4535
6952 4535
6953 4536
6954 4536
6955 4536
6956 4537
6957 4537
6958 4537
6959 4538
6960 4538
6961 4538
6962 4539
6963 4539
6964 4539
6965 4540
6966 4540
6967 4540
6968 4541
6969 4541
6970 4541
6971 4542
6972 4542
6973 4542
6974 4543
6975 4543
6976 4543
6977 4544
6978 4544
6979 4544
6980 4545
6981 4545
6982 4545
6983 4546
6984 4546
6985 4546
6986 4547
6987 4547
6988 4547
6989 4548
6990 4548
6991 4548
6992 4549
6993 4549
6994 4549
6995 4550
6996 4550
6997 4550
6998 4551
6999 4551
7000 4551
7001 4552
7002 4552
7003 4552
7004 4553
7005 4553
7006 4553
7007 4554
7008 4554
7009 4554
7010 4555
7011 4555
7012 4555
7013 4556
7014 4556
7015 4556
7016 4557
7017 4557
7018 4557
7019 4558
7020 4558
7021 4558
7022 4559
7023 4559
7024 4559
7025 4560
7026 4560
7027 4560
7028 4561
7029 4561
7030 4561
7031 4562
7032 4562
7033 4562
7034 4563
7035 4563
7036 4563
7037 4564
7038 4564
7039 4564
7040 4565
7041 4565
7042 4565
7043 4566
7044 4566
7045 4566
7046 4567
7047 4567
7048 4567
7049 4568
7050 4568
7051 4568
7052 4569
7053 4569
7054 4569
7055 4570
7056 4570
7057 4570
7058 4571
7059 4571
7060 4571
7061 4572
7062 4575
7063 4578
7064 4581
7065 4584
7066 4587
7067 4590
7068 4593
7069 4596
7070 4599
7071 4602
7072 4605
7073 4608
7074 4611
7075 4614
7076 4618
7077 4621
7078 4624
7079 4627
7080 4630
7081 4633
7082 4636
7083 4639
7084 4642
7085 4645
7086 4648
7087 4651
7088 4654
7089 4657
7090 4661
7091 4664
7092 4667
7093 4670
7094 4673
7095 4676
7096 4679
7097 4682
7098 4685
7099 4688
7100 4691
7101 4694
7102 4697
7103 4700
7104 4704
7105 4707
7106 4710
7107 4713
7108 4716
7109 4719
7110 4722
7111 4725
7112 4728
7113 4731
7114 4734
7115 4737
7116 4740
7117 4743
7118 4747
7119 4750
7120 4753
7121 4756
7122 4759
7123 4762
7124 4765
7125 4768
7126 4771
7127 4774
7128 4777
7129 4780
7130 4783
7131 4786
7132 4790
7133 4793
7134 4796
7135 4799
7136 4802
7137 4805
7138 4808
7139 4811
7140 4814
7141 4817
7142 4820
7143 4823
7144 4826
7145 4829
7146 4833
7147 4835
7148 4838
7149 4841
7150 4844
7151 4847
7152 4850
7153 4853
7154 4856
7155 4859
7156 4861
7157 4864
7158 4867
7159 4870
7160 4873
7161 4876
7162 4879
7163 4882
7164 4885
7165 4887
7166 4890
7167 4893
7168 4896
7169 4899
7170 4902
7171 4905
7172 4908
7173 4911
7174 4914
7175 4916
7176 4919
7177 4922
7178 4925
7179 4928
7180 4931
7181 4934
7182 4937
7183 4940
7184 4942
7185 4945
7186 4948
7187 4951
7188 4954
7189 4957
7190 4960
7191 4963
7192 4966
7193 4969
7194 4971
7195 4974
7196 4977
7197 4980
7198 4983
7199 4986
7200 4989
7201 4992
7202 4995
7203 4997
7204 5000
7205 5003
7206 5006
7207 5009
7208 5012
7209 5015
7210 5018
7211 5021
7212 5024
7213 5027
7214 5030
7215 5033
7216 5037
7217 5040
7218 5043
7219 5046
7220 5050
7221 5053
7222 5056
7223 5059
7224 5063
7225 5066
7226 5069
7227 5072
7228 5076
7229 5079
7230 5082
7231 5085
7232 5089
7233 5092
7234 5095
7235 5098
7236 5102
7237 5105
7238 5108
7239 5111
7240 5115
7241 5118
7242 5121
7243 5124
7244 5128
7245 5131
7246 5134
7247 5137
7248 5141
7249 5144
7250 5147
7251 5150
7252 5154
7253 5157
7254 5160
7255 5163
7256 5167
7257 5170
7258 5173
7259 5176
7260 5180
7261 5183
7262 5186
7263 5189
7264 5193
7265 5196
7266 5199
7267 5202
7268 5206
7269 5209
7270 5212
7271 5215
7272 5219
7273 5222
7274 5225
7275 5228
7276 5232
7277 5235
7278 5238
7279 5241
7280 5245
7281 5248
7282 5251
7283 5254
7284 5258
7285 5261
7286 5264
7287 5267
7288 5271
7289 5274
7290 5277
7291 5281
7292 5283
7293 5285
7294 5287
7295 5289
7296 5291
7297 5294
7298 5296
7299 5298
7300 5300
7301 5302
7302 5305
7303 5307
7304 5309
7305 5311
7306 5313
7307 5316
7308 5318
7309 5320
7310 5322
7311 5324
7312 5326
7313 5329
7314 5331
7315 5333
7316 5335
7317 5337
7318 5340
7319 5342
7320 5344
7321 5346
7322 5348
7323 5351
7324 5353
7325 5355
7326 5357
7327 5359
7328 5362
7329 5364
7330 5366
7331 5368
7332 5370
7333 5372
7334 5375
7335 5377
7336 5379
7337 5381
7338 5383
7339 5386
7340 5388
7341 5390
7342 5392
7343 5394
7344 5397
7345 5399
7346 5401
7347 5403
7348 5405
7349 5407
7350 5410
7351 5412
7352 5414
7353 5416
7354 5418
7355 5421
7356 5423
7357 5425
7358 5427
7359 5429
7360 5432
7361 5434
7362 5436
7363 5438
7364 5440
7365 5443
7366 5443
7367 5443
7368 5444
7369 5444
7370 5445
7371 5445
7372 5445
7373 5446
7374 5446
7375 5447
7376 5447
7377 5448
7378 5448
7379 5448
7380 5449
7381 5449
7382 5450
7383 5450
7384 5451
7385 5451
7386 5451
7387 5452
7388 5452
7389 5453
7390 5453
7391 5454
7392 5454
7393 5454
7394 5455
7395 5455
7396 5456
7397 5456
7398 5457
7399 5457
7400 5457
7401 5458
7402 5458
7403 5459
7404 5459
7405 5459
7406 5460
7407 5460
7408 5461
7409 5461
7410 5462
7411 5462
7412 5462
7413 5463
7414 5463
7415 5464
7416 5464
7417 5465
7418 5465
7419 5465
7420 5466
7421 5466
7422 5467
7423 5467
7424 5468
7425 5468
7426 5468
7427 5469
7428 5469
7429 5470
7430 5470
7431 5471
7432 5471
7433 5471
7434 5472
7435 5472
7436 5473
7437 5473
7438 5473
7439 5474
7440 5474
7441 5475
7442 5475
7443 5476
7444 5476
7445 5476
7446 5477
7447 5477
7448 5478
7449 5478
7450 5479
7451 5479
7452 5479
7453 5480
7454 5480
7455 5481
7456 5481
7457 5482
7458 5482
7459 5482
7460 5483
7461 5483
7462 5484
7463 5484
7464 5485
7465 5485
7466 5485
7467 5486
7468 5486
7469 5487
7470 5487
7471 5487
7472 5488
7473 5488
7474 5489
7475 5489
7476 5490
7477 5490
7478 5490
7479 5491
7480 5491
7481 5492
7482 5492
7483 5493
7484 5493
7485 5493
7486 5494
7487 5494
7488 5495
7489 5495
7490 5496
7491 5496
7492 5496
7493 5497
7494 5497
7495 5498
7496 5498
