0 0
1 3
2 7
3 11
4 14
5 18
6 22
7 25
8 29
9 33
10 36
11 40
12 44
13 47
14 51
15 55
16 58
17 62
18 66
19 69
20 73
21 77
22 80
23 84
24 88
25 91
26 95
27 99
28 102
29 106
30 110
31 113
32 117
33 121
34 124
35 128
36 132
37 135
38 139
39 143
40 146
41 150
42 154
43 157
44 161
45 165
46 168
47 172
48 176
49 179
50 183
51 187
52 190
53 194
54 198
55 201
56 205
57 209
58 212
59 216
60 220
61 223
62 227
63 231
64 234
65 238
66 242
67 245
68 249
69 253
70 256
71 260
72 264
73 267
74 271
75 275
76 276
77 278
78 279
79 281
80 282
81 284
82 286
83 287
84 289
85 290
86 292
87 294
88 295
89 297
90 298
91 300
92 301
93 303
94 305
95 306
96 308
97 309
98 311
99 313
100 314
101 316
102 317
103 319
104 320
105 322
106 324
107 325
108 327
109 328
110 330
111 332
112 333
113 335
114 336
115 338
116 340
117 341
118 343
119 344
120 346
121 347
122 349
123 351
124 352
125 354
126 355
127 357
128 359
129 360
130 362
131 363
132 365
133 366
134 368
135 370
136 371
137 373
138 374
139 376
140 378
141 379
142 381
143 382
144 384
145 385
146 387
147 389
148 390
149 392
150 393
151 395
152 397
153 398
154 400
155 401
156 403
157 405
158 406
159 408
160 409
161 411
162 412
163 414
164 416
165 417
166 419
167 420
168 422
169 424
170 425
171 427
172 428
173 430
174 431
175 433
176 435
177 436
178 438
179 439
180 441
181 443
182 444
183 446
184 447
185 449
186 451
187 451
188 451
189 451
190 451
191 452
192 452
193 452
194 452
195 453
196 453
197 453
198 453
199 454
200 454
201 454
202 454
203 454
204 455
205 455
206 455
207 455
208 456
209 456
210 456
211 456
212 457
213 457
214 457
215 457
216 458
217 458
218 458
219 458
220 458
221 459
222 459
223 459
224 459
225 460
226 460
227 460
228 460
229 461
230 461
231 461
232 461
233 461
234 462
235 462
236 462
237 462
238 463
239 463
240 463
241 463
242 464
243 464
244 464
245 464
246 465
247 465
248 465
249 465
250 465
251 466
252 466
253 466
254 466
255 467
256 467
257 467
258 467
259 468
260 468
261 468
262 468
263 468
264 469
265 469
266 469
267 469
268 470
269 470
270 470
271 470
272 471
273 471
274 471
275 471
276 472
277 472
278 472
279 472
280 472
281 473
282 473
283 473
284 473
285 474
286 474
287 474
288 474
289 475
290 475
291 475
292 475
293 476
294 476
295 476
296 476
297 476
298 477
299 477
300 477
301 477
302 478
303 478
304 478
305 478
306 479
307 479
308 479
309 479
310 479
311 480
312 480
313 480
314 480
315 481
316 481
317 481
318 481
319 482
320 482
321 482
322 482
323 483
324 483
325 483
326 483
327 483
328 484
329 484
330 484
331 484
332 485
333 485
334 485
335 485
336 486
337 486
338 486
339 486
340 486
341 487
342 487
343 487
344 487
345 488
346 488
347 488
348 488
349 489
350 489
351 489
352 489
353 490
354 490
355 490
356 490
357 490
358 491
359 491
360 491
361 491
362 492
363 492
364 492
365 492
366 493
367 493
368 493
369 493
370 493
371 494
372 494
373 494
374 494
375 495
376 495
377 495
378 495
379 496
380 496
381 496
382 496
383 497
384 497
385 497
386 497
387 497
388 498
389 498
390 498
391 498
392 499
393 499
394 499
395 499
396 500
397 500
398 500
399 500
400 501
401 501
402 501
403 501
404 501
405 502
406 502
407 502
408 502
409 503
410 503
411 503
412 503
413 504
414 504
415 504
416 504
417 504
418 505
419 505
420 505
421 505
422 506
423 506
424 506
425 506
426 507
427 507
428 507
429 507
430 508
431 508
432 508
433 508
434 508
435 509
436 509
437 509
438 509
439 510
440 510
441 510
442 510
443 511
444 511
445 511
446 511
447 511
448 512
449 512
450 512
451 512
452 513
453 513
454 513
455 513
456 514
457 514
458 514
459 514
460 515
461 515
462 515
463 515
464 515
465 516
466 516
467 516
468 516
469 517
470 517
471 517
472 517
473 518
474 518
475 518
476 518
477 518
478 519
479 519
480 519
481 519
482 520
483 520
484 520
485 520
486 521
487 521
488 521
489 521
490 522
491 522
492 522
493 522
494 522
495 523
496 523
497 523
498 523
499 524
500 524
501 524
502 524
503 525
504 525
505 525
506 525
507 526
508 526
509 526
510 526
511 526
512 527
513 527
514 527
515 527
516 528
517 528
518 528
519 528
520 529
521 529
522 529
523 529
524 529
525 530
526 530
527 530
528 530
529 531
530 531
531 531
532 531
533 532
534 532
535 532
536 532
537 533
538 533
539 533
540 533
541 533
542 534
543 534
544 534
545 534
546 535
547 535
548 535
549 535
550 536
551 536
552 536
553 536
554 536
555 537
556 537
557 537
558 537
559 538
560 538
561 538
562 538
563 539
564 539
565 539
566 539
567 540
568 540
569 540
570 540
571 540
572 541
573 541
574 541
575 541
576 542
577 542
578 542
579 542
580 543
581 543
582 543
583 543
584 543
585 544
586 544
587 544
588 544
589 545
590 545
591 545
592 545
593 546
594 546
595 546
596 546
597 547
598 547
599 547
600 547
601 547
602 548
603 548
604 548
605 548
606 549
607 549
608 549
609 549
610 550
611 550
612 550
613 550
614 551
615 551
616 551
617 551
618 551
619 551
620 552
621 552
622 552
623 552
624 552
625 553
626 553
627 553
628 553
629 553
630 553
631 554
632 554
633 554
634 554
635 554
636 555
637 555
638 555
639 555
640 555
641 556
642 556
643 556
644 556
645 556
646 556
647 557
648 557
649 557
650 557
651 557
652 558
653 558
654 558
655 558
656 558
657 559
658 559
659 559
660 559
661 559
662 559
663 560
664 560
665 560
666 560
667 560
668 561
669 561
670 561
671 561
672 561
673 562
674 562
675 562
676 562
677 562
678 562
679 563
680 563
681 563
682 563
683 563
684 564
685 564
686 564
687 564
688 564
689 565
690 565
691 565
692 565
693 565
694 565
695 566
696 566
697 566
698 566
699 566
700 567
701 567
702 567
703 567
704 567
705 568
706 568
707 568
708 568
709 568
710 568
711 569
712 569
713 569
714 569
715 569
716 570
717 570
718 570
719 570
720 570
721 570
722 571
723 571
724 571
725 571
726 571
727 572
728 572
729 572
730 572
731 572
732 573
733 573
734 573
735 573
736 573
737 573
738 574
739 574
740 574
741 574
742 574
743 575
744 575
745 575
746 575
747 575
748 576
749 576
750 576
751 576
752 576
753 576
754 577
755 577
756 577
757 577
758 577
759 578
760 578
761 578
762 578
763 578
764 579
765 579
766 579
767 579
768 579
769 579
770 580
771 580
772 580
773 580
774 580
775 581
776 581
777 581
778 581
779 581
780 582
781 582
782 582
783 582
784 582
785 582
786 583
787 583
788 583
789 583
790 583
791 584
792 584
793 584
794 584
795 584
796 585
797 585
798 585
799 585
800 585
801 585
802 586
803 586
804 586
805 586
806 586
807 587
808 587
809 587
810 587
811 587
812 588
813 588
814 588
815 588
816 588
817 588
818 589
819 589
820 589
821 589
822 589
823 590
824 590
825 590
826 590
827 590
828 590
829 591
830 591
831 591
832 591
833 591
834 592
835 592
836 592
837 592
838 592
839 593
840 593
841 593
842 593
843 593
844 593
845 594
846 594
847 594
848 594
849 594
850 595
851 595
852 595
853 595
854 595
855 596
856 596
857 596
858 596
859 596
860 596
861 597
862 597
863 597
864 597
865 597
866 598
867 598
868 598
869 598
870 598
871 599
872 599
873 599
874 599
875 599
876 599
877 600
878 600
879 600
880 600
881 600
882 601
883 601
884 601
885 601
886 601
887 602
888 602
889 602
890 602
891 602
892 602
893 603
894 603
895 603
896 603
897 603
898 604
899 604
900 604
901 604
902 604
903 605
904 605
905 605
906 605
907 605
908 605
909 606
910 606
911 606
912 606
913 606
914 607
915 607
916 607
917 607
918 607
919 607
920 608
921 608
922 608
923 608
924 608
925 609
926 609
927 609
928 609
929 609
930 610
931 610
932 610
933 610
934 610
935 610
936 611
937 611
938 611
939 611
940 611
941 612
942 612
943 612
944 612
945 612
946 613
947 613
948 613
949 613
950 613
951 613
952 614
953 614
954 614
955 614
956 614
957 615
958 615
959 615
960 615
961 615
962 616
963 616
964 616
965 616
966 616
967 616
968 617
969 617
970 617
971 617
972 617
973 618
974 618
975 618
976 618
977 618
978 619
979 619
980 619
981 619
982 619
983 619
984 620
985 620
986 620
987 620
988 620
989 621
990 621
991 621
992 621
993 621
994 622
995 622
996 622
997 622
998 622
999 622
1000 623
1001 623
1002 623
1003 623
1004 623
1005 624
1006 624
1007 624
1008 624
1009 624
1010 625
1011 625
1012 625
1013 625
1014 625
1015 625
1016 626
1017 626
1018 626
1019 626
1020 626
1021 627
1022 627
1023 627
1024 627
1025 627
1026 627
1027 628
1028 628
1029 628
1030 628
1031 628
1032 629
1033 629
1034 629
1035 629
1036 629
1037 630
1038 630
1039 630
1040 630
1041 630
1042 630
1043 631
1044 631
1045 631
1046 631
1047 631
1048 632
1049 632
1050 632
1051 632
1052 632
1053 633
1054 633
1055 633
1056 633
1057 633
1058 633
1059 634
1060 634
1061 634
1062 634
1063 634
1064 635
1065 635
1066 635
1067 635
1068 635
1069 636
1070 636
1071 636
1072 636
1073 636
1074 636
1075 637
1076 637
1077 637
1078 637
1079 637
1080 638
1081 638
1082 638
1083 638
1084 638
1085 639
1086 639
1087 639
1088 639
1089 639
1090 639
1091 640
1092 640
1093 640
1094 640
1095 640
1096 641
1097 641
1098 641
1099 641
1100 641
1101 642
1102 642
1103 642
1104 642
1105 642
1106 642
1107 643
1108 643
1109 643
1110 643
1111 643
1112 644
1113 644
1114 644
1115 644
1116 644
1117 644
1118 645
1119 645
1120 645
1121 645
1122 645
1123 646
1124 646
1125 646
1126 646
1127 646
1128 647
1129 647
1130 647
1131 647
1132 647
1133 647
1134 648
1135 648
1136 648
1137 648
1138 648
1139 649
1140 649
1141 649
1142 649
1143 649
1144 650
1145 650
1146 650
1147 650
1148 650
1149 650
1150 651
1151 651
1152 651
1153 651
1154 651
1155 652
1156 652
1157 652
1158 652
1159 652
1160 653
1161 653
1162 653
1163 653
1164 653
1165 653
1166 654
1167 654
1168 654
1169 654
1170 654
1171 655
1172 655
1173 655
1174 655
1175 655
1176 656
1177 656
1178 656
1179 656
1180 656
1181 656
1182 657
1183 657
1184 657
1185 657
1186 657
1187 658
1188 658
1189 658
1190 658
1191 658
1192 659
1193 659
1194 659
1195 659
1196 659
1197 659
1198 660
1199 660
1200 660
1201 660
1202 660
1203 661
1204 661
1205 661
1206 661
1207 661
1208 662
1209 662
1210 662
1211 662
1212 662
1213 662
1214 663
1215 663
1216 663
1217 663
1218 663
1219 664
1220 664
1221 664
1222 664
1223 664
1224 664
1225 665
1226 665
1227 665
1228 665
1229 665
1230 666
1231 666
1232 666
1233 666
1234 666
1235 667
1236 667
1237 667
1238 667
1239 667
1240 667
1241 668
1242 668
1243 668
1244 668
1245 668
1246 669
1247 669
1248 669
1249 669
1250 669
1251 670
1252 670
1253 670
1254 670
1255 670
1256 670
1257 671
1258 671
1259 671
1260 671
1261 671
1262 672
1263 672
1264 672
1265 672
1266 672
1267 673
1268 673
1269 673
1270 673
1271 673
1272 673
1273 674
1274 674
1275 674
1276 674
1277 674
1278 675
1279 675
1280 675
1281 675
1282 675
1283 676
1284 676
1285 676
1286 676
1287 676
1288 676
1289 677
1290 677
1291 677
1292 677
1293 677
1294 678
1295 678
1296 678
1297 678
1298 678
1299 679
1300 679
1301 679
1302 679
1303 679
1304 679
1305 680
1306 680
1307 680
1308 680
1309 680
1310 681
1311 681
1312 681
1313 681
1314 681
1315 681
1316 682
1317 682
1318 682
1319 682
1320 682
1321 683
1322 683
1323 683
1324 683
1325 683
1326 684
1327 684
1328 684
1329 684
1330 684
1331 684
1332 685
1333 685
1334 685
1335 685
1336 685
1337 686
1338 686
1339 686
1340 686
1341 686
1342 687
1343 687
1344 687
1345 687
1346 687
1347 687
1348 688
1349 688
1350 688
1351 688
1352 688
1353 689
1354 689
1355 689
1356 689
1357 689
1358 690
1359 690
1360 690
1361 690
1362 690
1363 690
1364 691
1365 691
1366 691
1367 691
1368 691
1369 692
1370 692
1371 692
1372 692
1373 692
1374 693
1375 693
1376 693
1377 693
1378 693
1379 693
1380 694
1381 694
1382 694
1383 694
1384 694
1385 695
1386 695
1387 695
1388 695
1389 695
1390 696
1391 696
1392 696
1393 696
1394 696
1395 696
1396 697
1397 697
1398 697
1399 697
1400 697
1401 698
1402 698
1403 698
1404 698
1405 698
1406 699
1407 699
1408 699
1409 699
1410 700
1411 700
1412 700
1413 700
1414 701
1415 701
1416 701
1417 702
1418 702
1419 702
1420 702
1421 703
1422 703
1423 703
1424 704
1425 704
1426 704
1427 704
1428 705
1429 705
1430 705
1431 706
1432 706
1433 706
1434 706
1435 707
1436 707
1437 707
1438 708
1439 708
1440 708
1441 708
1442 709
1443 709
1444 709
1445 709
1446 710
1447 710
1448 710
1449 711
1450 711
1451 711
1452 711
1453 712
1454 712
1455 712
1456 713
1457 713
1458 713
1459 713
1460 714
1461 714
1462 714
1463 715
1464 715
1465 715
1466 715
1467 716
1468 716
1469 716
1470 717
1471 717
1472 717
1473 717
1474 718
1475 718
1476 718
1477 718
1478 719
1479 719
1480 719
1481 720
1482 720
1483 720
1484 720
1485 721
1486 721
1487 721
1488 722
1489 722
1490 722
1491 722
1492 723
1493 723
1494 723
1495 724
1496 724
1497 724
1498 724
1499 725
1500 725
1501 725
1502 726
1503 726
1504 726
1505 726
1506 727
1507 727
1508 727
1509 728
1510 728
1511 728
1512 728
1513 729
1514 729
1515 729
1516 729
1517 730
1518 730
1519 730
1520 731
1521 731
1522 731
1523 731
1524 732
1525 732
1526 732
1527 733
1528 733
1529 733
1530 733
1531 734
1532 734
1533 734
1534 735
1535 735
1536 735
1537 735
1538 736
1539 736
1540 736
1541 737
1542 737
1543 737
1544 737
1545 738
1546 738
1547 738
1548 738
1549 739
1550 739
1551 739
1552 740
1553 740
1554 740
1555 740
1556 741
1557 741
1558 741
1559 742
1560 742
1561 742
1562 742
1563 743
1564 743
1565 743
1566 744
1567 744
1568 744
1569 744
1570 745
1571 745
1572 745
1573 746
1574 746
1575 746
1576 746
1577 747
1578 747
1579 747
1580 748
1581 748
1582 748
1583 748
1584 749
1585 749
1586 749
1587 749
1588 750
1589 750
1590 750
1591 751
1592 751
1593 751
1594 751
1595 752
1596 752
1597 752
1598 753
1599 753
1600 753
1601 753
1602 754
1603 754
1604 754
1605 755
1606 755
1607 755
1608 755
1609 756
1610 756
1611 756
1612 757
1613 757
1614 757
1615 757
1616 758
1617 758
1618 758
1619 758
1620 759
1621 759
1622 759
1623 760
1624 760
1625 760
1626 760
1627 761
1628 761
1629 761
1630 762
1631 762
1632 762
1633 762
1634 763
1635 763
1636 763
1637 764
1638 764
1639 764
1640 764
1641 765
1642 765
1643 765
1644 766
1645 766
1646 766
1647 766
1648 767
1649 767
1650 767
1651 768
1652 768
1653 768
1654 768
1655 769
1656 769
1657 769
1658 769
1659 770
1660 770
1661 770
1662 771
1663 771
1664 771
1665 771
1666 772
1667 772
1668 772
1669 773
1670 773
1671 773
1672 773
1673 774
1674 774
1675 774
1676 775
1677 775
1678 775
1679 775
1680 776
1681 776
1682 776
1683 777
1684 777
1685 777
1686 777
1687 778
1688 778
1689 778
1690 778
1691 779
1692 779
1693 779
1694 780
1695 780
1696 780
1697 780
1698 781
1699 781
1700 781
1701 782
1702 782
1703 782
1704 782
1705 783
1706 783
1707 783
1708 784
1709 784
1710 784
1711 784
1712 785
1713 785
1714 785
1715 786
1716 786
1717 786
1718 786
1719 787
1720 787
1721 787
1722 787
1723 788
1724 788
1725 788
1726 789
1727 789
1728 789
1729 789
1730 790
1731 790
1732 790
1733 791
1734 791
1735 791
1736 791
1737 792
1738 792
1739 792
1740 793
1741 793
1742 793
1743 793
1744 794
1745 794
1746 794
1747 795
1748 795
1749 795
1750 795
1751 796
1752 796
1753 796
1754 797
1755 797
1756 797
1757 797
1758 798
1759 798
1760 798
1761 798
1762 799
1763 799
1764 799
1765 800
1766 800
1767 800
1768 800
1769 801
1770 801
1771 801
1772 802
1773 802
1774 802
1775 802
1776 803
1777 803
1778 803
1779 804
1780 804
1781 804
1782 804
1783 805
1784 805
1785 805
1786 806
1787 806
1788 806
1789 806
1790 807
1791 807
1792 807
1793 807
1794 808
1795 808
1796 808
1797 809
1798 809
1799 809
1800 809
1801 810
1802 810
1803 810
1804 811
1805 811
1806 811
1807 811
1808 812
1809 812
1810 812
1811 813
1812 813
1813 813
1814 813
1815 814
1816 814
1817 814
1818 815
1819 815
1820 815
1821 815
1822 816
1823 816
1824 816
1825 817
1826 817
1827 817
1828 817
1829 818
1830 818
1831 818
1832 818
1833 819
1834 819
1835 819
1836 820
1837 820
1838 820
1839 820
1840 821
1841 821
1842 821
1843 822
1844 822
1845 822
1846 822
1847 823
1848 823
1849 823
1850 824
1851 824
1852 824
1853 824
1854 825
1855 825
1856 825
1857 826
1858 826
1859 826
1860 826
1861 827
1862 827
1863 827
1864 827
1865 828
1866 828
1867 828
1868 829
1869 829
1870 829
1871 829
1872 830
1873 830
1874 830
1875 831
1876 831
1877 831
1878 831
1879 832
1880 832
1881 832
1882 833
1883 833
1884 833
1885 833
1886 834
1887 834
1888 834
1889 835
1890 835
1891 835
1892 835
1893 836
1894 836
1895 836
1896 837
1897 837
1898 837
1899 837
1900 838
1901 838
1902 838
1903 838
1904 839
1905 839
1906 839
1907 840
1908 840
1909 840
1910 840
1911 841
1912 841
1913 841
1914 842
1915 842
1916 842
1917 842
1918 843
1919 843
1920 843
1921 844
1922 844
1923 844
1924 844
1925 845
1926 845
1927 845
1928 846
1929 846
1930 846
1931 846
1932 847
1933 847
1934 847
1935 847
1936 848
1937 848
1938 848
1939 849
1940 849
1941 849
1942 849
1943 850
1944 850
1945 850
1946 851
1947 851
1948 851
1949 851
1950 852
1951 852
1952 852
1953 853
1954 853
1955 853
1956 853
1957 854
1958 854
1959 854
1960 855
1961 855
1962 855
1963 855
1964 856
1965 856
1966 856
1967 857
1968 857
1969 857
1970 857
1971 858
1972 858
1973 858
1974 858
1975 859
1976 859
1977 859
1978 860
1979 860
1980 860
1981 860
1982 861
1983 861
1984 861
1985 862
1986 862
1987 862
1988 862
1989 863
1990 863
1991 863
1992 864
1993 864
1994 864
1995 864
1996 865
1997 865
1998 865
1999 866
2000 866
2001 866
2002 866
2003 867
2004 867
2005 867
2006 867
2007 868
2008 868
2009 868
2010 869
2011 869
2012 869
2013 869
2014 870
2015 870
2016 870
2017 871
2018 871
2019 871
2020 871
2021 872
2022 872
2023 872
2024 873
2025 873
2026 873
2027 873
2028 874
2029 874
2030 874
2031 875
2032 875
2033 875
2034 875
2035 876
2036 876
2037 876
2038 876
2039 877
2040 877
2041 877
2042 878
2043 878
2044 878
2045 878
2046 879
2047 879
2048 879
2049 880
2050 880
2051 880
2052 880
2053 881
2054 881
2055 881
2056 882
2057 882
2058 882
2059 882
2060 883
2061 883
2062 883
2063 884
2064 884
2065 884
2066 884
2067 885
2068 885
2069 885
2070 886
2071 886
2072 886
2073 886
2074 887
2075 887
2076 887
2077 887
2078 888
2079 888
2080 888
2081 889
2082 889
2083 889
2084 889
2085 890
2086 890
2087 890
2088 891
2089 891
2090 891
2091 891
2092 892
2093 892
2094 892
2095 893
2096 893
2097 893
2098 893
2099 894
2100 894
2101 894
2102 895
2103 895
2104 895
2105 895
2106 896
2107 896
2108 896
2109 896
2110 897
2111 897
2112 897
2113 898
2114 898
2115 898
2116 898
2117 899
2118 899
2119 899
2120 900
2121 900
2122 900
2123 900
2124 901
2125 901
2126 901
2127 902
2128 902
2129 902
2130 902
2131 903
2132 903
2133 903
2134 904
2135 904
2136 904
2137 904
2138 905
2139 905
2140 905
2141 906
2142 906
2143 906
2144 906
2145 907
2146 907
2147 907
2148 907
2149 908
2150 908
2151 908
2152 909
2153 909
2154 909
2155 909
2156 910
2157 910
2158 910
2159 911
2160 911
2161 911
2162 911
2163 912
2164 912
2165 912
2166 913
2167 913
2168 913
2169 913
2170 914
2171 914
2172 914
2173 915
2174 915
2175 915
2176 915
2177 916
2178 916
2179 916
2180 916
2181 917
2182 917
2183 917
2184 918
2185 918
2186 918
2187 918
2188 919
2189 919
2190 919
2191 920
2192 920
2193 920
2194 920
2195 921
2196 921
2197 921
2198 922
2199 922
2200 922
2201 922
2202 923
2203 923
2204 923
2205 924
2206 924
2207 924
2208 924
2209 925
2210 925
2211 925
2212 926
2213 926
2214 926
2215 926
2216 927
2217 927
2218 927
2219 927
2220 928
2221 928
2222 928
2223 929
2224 929
2225 929
2226 929
2227 930
2228 930
2229 930
2230 931
2231 931
2232 931
2233 931
2234 932
2235 932
2236 932
2237 933
2238 933
2239 933
2240 933
2241 934
2242 934
2243 934
2244 935
2245 935
2246 935
2247 935
2248 936
2249 936
2250 936
2251 936
2252 937
2253 937
2254 937
2255 938
2256 938
2257 938
2258 938
2259 939
2260 939
2261 939
2262 940
2263 940
2264 940
2265 940
2266 941
2267 941
2268 941
2269 942
2270 942
2271 942
2272 942
2273 943
2274 943
2275 943
2276 944
2277 944
2278 944
2279 944
2280 945
2281 945
2282 945
2283 946
2284 946
2285 946
2286 947
2287 947
2288 948
2289 948
2290 949
2291 949
2292 949
2293 950
2294 950
2295 951
2296 951
2297 952
2298 952
2299 952
2300 953
2301 953
2302 954
2303 954
2304 955
2305 955
2306 955
2307 956
2308 956
2309 957
2310 957
2311 958
2312 958
2313 958
2314 959
2315 959
2316 960
2317 960
2318 961
2319 961
2320 961
2321 962
2322 962
2323 963
2324 963
2325 964
2326 964
2327 965
2328 965
2329 965
2330 966
2331 966
2332 967
2333 967
2334 968
2335 968
2336 968
2337 969
2338 969
2339 970
2340 970
2341 971
2342 971
2343 971
2344 972
2345 972
2346 973
2347 973
2348 974
2349 974
2350 974
2351 975
2352 975
2353 976
2354 976
2355 977
2356 977
2357 977
2358 978
2359 978
2360 979
2361 979
2362 980
2363 980
2364 980
2365 981
2366 981
2367 982
2368 982
2369 983
2370 983
2371 984
2372 984
2373 984
2374 985
2375 985
2376 986
2377 986
2378 987
2379 987
2380 987
2381 988
2382 988
2383 989
2384 989
2385 990
2386 990
2387 990
2388 991
2389 991
2390 992
2391 992
2392 993
2393 993
2394 993
2395 994
2396 994
2397 995
2398 995
2399 996
2400 996
2401 996
2402 997
2403 997
2404 998
2405 998
2406 999
2407 999
2408 999
2409 1000
2410 1000
2411 1001
2412 1001
2413 1002
2414 1002
2415 1003
2416 1003
2417 1003
2418 1004
2419 1004
2420 1005
2421 1005
2422 1006
2423 1006
2424 1006
2425 1007
2426 1007
2427 1008
2428 1008
2429 1009
2430 1009
2431 1009
2432 1010
2433 1010
2434 1011
2435 1011
2436 1012
2437 1012
2438 1012
2439 1013
2440 1013
2441 1014
2442 1014
2443 1015
2444 1015
2445 1015
2446 1016
2447 1016
2448 1017
2449 1017
2450 1018
2451 1018
2452 1018
2453 1019
2454 1019
2455 1020
2456 1020
2457 1021
2458 1021
2459 1022
2460 1022
2461 1022
2462 1023
2463 1023
2464 1024
2465 1024
2466 1025
2467 1025
2468 1025
2469 1026
2470 1026
2471 1027
2472 1027
2473 1028
2474 1028
2475 1028
2476 1029
2477 1029
2478 1030
2479 1030
2480 1031
2481 1031
2482 1031
2483 1032
2484 1032
2485 1033
2486 1033
2487 1034
2488 1034
2489 1034
2490 1035
2491 1035
2492 1036
2493 1036
2494 1037
2495 1037
2496 1037
2497 1038
2498 1038
2499 1039
2500 1039
2501 1040
2502 1040
2503 1041
2504 1041
2505 1041
2506 1042
2507 1042
2508 1043
2509 1043
2510 1044
2511 1044
2512 1044
2513 1045
2514 1045
2515 1046
2516 1046
2517 1047
2518 1047
2519 1047
2520 1048
2521 1048
2522 1049
2523 1049
2524 1050
2525 1050
2526 1050
2527 1051
2528 1051
2529 1052
2530 1052
2531 1053
2532 1053
2533 1053
2534 1054
2535 1054
2536 1055
2537 1055
2538 1056
2539 1056
2540 1057
2541 1057
2542 1057
2543 1057
2544 1057
2545 1058
2546 1058
2547 1058
2548 1058
2549 1058
2550 1059
2551 1059
2552 1059
2553 1059
2554 1059
2555 1060
2556 1060
2557 1060
2558 1060
2559 1060
2560 1061
2561 1061
2562 1061
2563 1061
2564 1062
2565 1062
2566 1062
2567 1062
2568 1062
2569 1063
2570 1063
2571 1063
2572 1063
2573 1063
2574 1064
2575 1064
2576 1064
2577 1064
2578 1064
2579 1065
2580 1065
2581 1065
2582 1065
2583 1066
2584 1066
2585 1066
2586 1066
2587 1066
2588 1067
2589 1067
2590 1067
2591 1067
2592 1067
2593 1068
2594 1068
2595 1068
2596 1068
2597 1068
2598 1069
2599 1069
2600 1069
2601 1069
2602 1069
2603 1070
2604 1070
2605 1070
2606 1070
2607 1071
2608 1071
2609 1071
2610 1071
2611 1071
2612 1072
2613 1072
2614 1072
2615 1072
2616 1072
2617 1073
2618 1073
2619 1073
2620 1073
2621 1073
2622 1074
2623 1074
2624 1074
2625 1074
2626 1075
2627 1075
2628 1075
2629 1075
2630 1075
2631 1076
2632 1076
2633 1076
2634 1076
2635 1076
2636 1077
2637 1077
2638 1077
2639 1077
2640 1077
2641 1078
2642 1078
2643 1078
2644 1078
2645 1078
2646 1079
2647 1079
2648 1079
2649 1079
2650 1080
2651 1080
2652 1080
2653 1080
2654 1080
2655 1081
2656 1081
2657 1081
2658 1081
2659 1081
2660 1082
2661 1082
2662 1082
2663 1082
2664 1082
2665 1083
2666 1083
2667 1083
2668 1083
2669 1084
2670 1084
2671 1084
2672 1084
2673 1084
2674 1085
2675 1085
2676 1085
2677 1085
2678 1085
2679 1086
2680 1086
2681 1086
2682 1086
2683 1086
2684 1087
2685 1087
2686 1087
2687 1087
2688 1087
2689 1088
2690 1088
2691 1088
2692 1088
2693 1089
2694 1089
2695 1089
2696 1089
2697 1089
2698 1090
2699 1090
2700 1090
2701 1090
2702 1090
2703 1091
2704 1091
2705 1091
2706 1091
2707 1091
2708 1092
2709 1092
2710 1092
2711 1092
2712 1093
2713 1093
2714 1093
2715 1093
2716 1093
2717 1094
2718 1094
2719 1094
2720 1094
2721 1094
2722 1095
2723 1095
2724 1095
2725 1095
2726 1095
2727 1096
2728 1096
2729 1096
2730 1096
2731 1096
2732 1097
2733 1097
2734 1097
2735 1097
2736 1098
2737 1098
2738 1098
2739 1098
2740 1098
2741 1099
2742 1099
2743 1099
2744 1099
2745 1099
2746 1100
2747 1100
2748 1100
2749 1100
2750 1100
2751 1101
2752 1101
2753 1101
2754 1101
2755 1102
2756 1102
2757 1102
2758 1102
2759 1102
2760 1103
2761 1103
2762 1103
2763 1103
2764 1103
2765 1104
2766 1104
2767 1104
2768 1104
2769 1104
2770 1105
2771 1105
2772 1105
2773 1105
2774 1105
2775 1106
2776 1106
2777 1106
2778 1106
2779 1107
2780 1107
2781 1107
2782 1107
2783 1107
2784 1108
2785 1108
2786 1108
2787 1108
2788 1108
2789 1109
2790 1109
2791 1109
2792 1109
2793 1109
2794 1110
2795 1110
2796 1110
2797 1110
2798 1111
2799 1111
2800 1111
2801 1111
2802 1111
2803 1112
2804 1112
2805 1112
2806 1112
2807 1112
2808 1113
2809 1113
2810 1113
2811 1113
2812 1113
2813 1114
2814 1114
2815 1114
2816 1114
2817 1115
2818 1115
2819 1115
2820 1115
2821 1115
2822 1116
2823 1116
2824 1116
2825 1116
2826 1116
2827 1117
2828 1117
2829 1117
2830 1117
2831 1117
2832 1118
2833 1118
2834 1118
2835 1118
2836 1118
2837 1119
2838 1119
2839 1119
2840 1119
2841 1119
2842 1120
2843 1120
2844 1120
2845 1120
2846 1121
2847 1121
2848 1121
2849 1121
2850 1121
2851 1122
2852 1122
2853 1122
2854 1122
2855 1122
2856 1123
2857 1123
2858 1123
2859 1123
2860 1123
2861 1124
2862 1124
2863 1124
2864 1124
2865 1124
2866 1125
2867 1125
2868 1125
2869 1125
2870 1125
2871 1126
2872 1126
2873 1126
2874 1126
2875 1127
2876 1127
2877 1127
2878 1127
2879 1127
2880 1128
2881 1128
2882 1128
2883 1128
2884 1128
2885 1129
2886 1129
2887 1129
2888 1129
2889 1129
2890 1130
2891 1130
2892 1130
2893 1130
2894 1130
2895 1131
2896 1131
2897 1131
2898 1131
2899 1131
2900 1132
2901 1132
2902 1132
2903 1132
2904 1133
2905 1133
2906 1133
2907 1133
2908 1133
2909 1134
2910 1134
2911 1134
2912 1134
2913 1134
2914 1135
2915 1135
2916 1135
2917 1135
2918 1135
2919 1136
2920 1136
2921 1136
2922 1136
2923 1136
2924 1137
2925 1137
2926 1137
2927 1137
2928 1137
2929 1138
2930 1138
2931 1138
2932 1138
2933 1139
2934 1139
2935 1139
2936 1139
2937 1139
2938 1140
2939 1140
2940 1140
2941 1140
2942 1140
2943 1141
2944 1141
2945 1141
2946 1141
2947 1141
2948 1142
2949 1142
2950 1142
2951 1142
2952 1142
2953 1143
2954 1143
2955 1143
2956 1143
2957 1143
2958 1144
2959 1144
2960 1144
2961 1144
2962 1145
2963 1145
2964 1145
2965 1145
2966 1145
2967 1146
2968 1146
2969 1146
2970 1146
2971 1146
2972 1147
2973 1147
2974 1147
2975 1147
2976 1147
2977 1148
2978 1148
2979 1148
2980 1148
2981 1148
2982 1149
2983 1149
2984 1149
2985 1149
2986 1149
2987 1150
2988 1150
2989 1150
2990 1150
2991 1151
2992 1151
2993 1151
2994 1151
2995 1151
2996 1152
2997 1152
2998 1152
2999 1152
3000 1152
3001 1153
3002 1153
3003 1153
3004 1153
3005 1153
3006 1154
3007 1154
3008 1154
3009 1154
3010 1154
3011 1155
3012 1155
3013 1155
3014 1155
3015 1155
3016 1156
3017 1156
3018 1156
3019 1156
3020 1157
3021 1157
3022 1157
3023 1157
3024 1157
3025 1158
3026 1158
3027 1158
3028 1158
3029 1158
3030 1159
3031 1159
3032 1159
3033 1159
3034 1159
3035 1160
3036 1160
3037 1160
3038 1160
3039 1160
3040 1161
3041 1161
3042 1161
3043 1161
3044 1161
3045 1162
3046 1162
3047 1162
3048 1162
3049 1163
3050 1163
3051 1163
3052 1163
3053 1163
3054 1164
3055 1164
3056 1164
3057 1164
3058 1164
3059 1165
3060 1165
3061 1165
3062 1165
3063 1165
3064 1166
3065 1166
3066 1166
3067 1166
3068 1166
3069 1167
3070 1167
3071 1167
3072 1167
3073 1167
3074 1168
3075 1168
3076 1168
3077 1168
3078 1169
3079 1169
3080 1169
3081 1169
3082 1169
3083 1170
3084 1170
3085 1170
3086 1170
3087 1170
3088 1171
3089 1171
3090 1171
3091 1171
3092 1171
3093 1172
3094 1172
3095 1172
3096 1172
3097 1172
3098 1173
3099 1173
3100 1173
3101 1173
3102 1173
3103 1174
3104 1174
3105 1174
3106 1174
3107 1175
3108 1175
3109 1175
3110 1175
3111 1175
3112 1176
3113 1176
3114 1176
3115 1176
3116 1176
3117 1177
3118 1177
3119 1177
3120 1177
3121 1177
3122 1178
3123 1178
3124 1178
3125 1178
3126 1178
3127 1179
3128 1179
3129 1179
3130 1179
3131 1179
3132 1180
3133 1180
3134 1180
3135 1180
3136 1181
3137 1181
3138 1181
3139 1181
3140 1181
3141 1182
3142 1182
3143 1182
3144 1182
3145 1182
3146 1183
3147 1183
3148 1183
3149 1183
3150 1183
3151 1184
3152 1184
3153 1184
3154 1184
3155 1184
3156 1185
3157 1185
3158 1185
3159 1185
3160 1185
3161 1186
3162 1186
3163 1186
3164 1186
3165 1187
3166 1187
3167 1187
3168 1187
3169 1187
3170 1188
3171 1188
3172 1188
3173 1188
3174 1188
3175 1189
3176 1189
3177 1189
3178 1189
3179 1189
3180 1190
3181 1190
3182 1190
3183 1190
3184 1190
3185 1191
3186 1191
3187 1191
3188 1191
3189 1191
3190 1192
3191 1192
3192 1192
3193 1192
3194 1193
3195 1193
3196 1193
3197 1193
3198 1193
3199 1194
3200 1194
3201 1194
3202 1194
3203 1194
3204 1195
3205 1195
3206 1195
3207 1195
3208 1195
3209 1196
3210 1196
3211 1196
3212 1196
3213 1196
3214 1197
3215 1197
3216 1197
3217 1197
3218 1197
3219 1198
3220 1198
3221 1198
3222 1198
3223 1199
3224 1199
3225 1199
3226 1199
3227 1199
3228 1199
3229 1200
3230 1200
3231 1200
3232 1200
3233 1200
3234 1201
3235 1201
3236 1201
3237 1201
3238 1201
3239 1202
3240 1202
3241 1202
3242 1202
3243 1202
3244 1203
3245 1203
3246 1203
3247 1203
3248 1203
3249 1204
3250 1204
3251 1204
3252 1204
3253 1204
3254 1205
3255 1205
3256 1205
3257 1205
3258 1205
3259 1206
3260 1206
3261 1206
3262 1206
3263 1206
3264 1206
3265 1207
3266 1207
3267 1207
3268 1207
3269 1207
3270 1208
3271 1208
3272 1208
3273 1208
3274 1208
3275 1209
3276 1209
3277 1209
3278 1209
3279 1209
3280 1210
3281 1210
3282 1210
3283 1210
3284 1210
3285 1211
3286 1211
3287 1211
3288 1211
3289 1211
3290 1212
3291 1212
3292 1212
3293 1212
3294 1212
3295 1213
3296 1213
3297 1213
3298 1213
3299 1213
3300 1213
3301 1214
3302 1214
3303 1214
3304 1214
3305 1214
3306 1215
3307 1215
3308 1215
3309 1215
3310 1215
3311 1216
3312 1216
3313 1216
3314 1216
3315 1216
3316 1217
3317 1217
3318 1217
3319 1217
3320 1217
3321 1218
3322 1218
3323 1218
3324 1218
3325 1218
3326 1219
3327 1219
3328 1219
3329 1219
3330 1219
3331 1220
3332 1220
3333 1220
3334 1220
3335 1220
3336 1220
3337 1221
3338 1221
3339 1221
3340 1221
3341 1221
3342 1222
3343 1222
3344 1222
3345 1222
3346 1222
3347 1223
3348 1223
3349 1223
3350 1223
3351 1223
3352 1224
3353 1224
3354 1224
3355 1224
3356 1224
3357 1225
3358 1225
3359 1225
3360 1225
3361 1225
3362 1226
3363 1226
3364 1226
3365 1226
3366 1226
3367 1227
3368 1227
3369 1227
3370 1227
3371 1227
3372 1227
3373 1228
3374 1228
3375 1228
3376 1228
3377 1228
3378 1229
3379 1229
3380 1229
3381 1229
3382 1229
3383 1230
3384 1230
3385 1230
3386 1230
3387 1230
3388 1231
3389 1231
3390 1231
3391 1231
3392 1231
3393 1232
3394 1232
3395 1232
3396 1232
3397 1232
3398 1233
3399 1233
3400 1233
3401 1233
3402 1233
3403 1234
3404 1234
3405 1234
3406 1234
3407 1234
3408 1234
3409 1235
3410 1235
3411 1235
3412 1235
3413 1235
3414 1236
3415 1236
3416 1236
3417 1236
3418 1236
3419 1237
3420 1237
3421 1237
3422 1237
3423 1237
3424 1238
3425 1238
3426 1238
3427 1238
3428 1238
3429 1239
3430 1239
3431 1239
3432 1239
3433 1239
3434 1240
3435 1240
3436 1240
3437 1240
3438 1240
3439 1241
3440 1241
3441 1241
3442 1241
3443 1241
3444 1242
3445 1242
3446 1242
3447 1242
3448 1242
3449 1242
3450 1243
3451 1243
3452 1243
3453 1243
3454 1243
3455 1244
3456 1244
3457 1244
3458 1244
3459 1244
3460 1245
3461 1245
3462 1245
3463 1245
3464 1245
3465 1246
3466 1246
3467 1246
3468 1246
3469 1246
3470 1247
3471 1247
3472 1247
3473 1247
3474 1247
3475 1248
3476 1248
3477 1248
3478 1248
3479 1248
3480 1249
3481 1249
3482 1249
3483 1249
3484 1249
3485 1249
3486 1250
3487 1250
3488 1250
3489 1250
3490 1250
3491 1251
3492 1251
3493 1251
3494 1251
3495 1251
3496 1252
3497 1252
3498 1252
3499 1252
3500 1252
3501 1253
3502 1253
3503 1253
3504 1253
3505 1253
3506 1254
3507 1254
3508 1254
3509 1254
3510 1254
3511 1255
3512 1255
3513 1255
3514 1255
3515 1255
3516 1256
3517 1256
3518 1256
3519 1256
3520 1256
3521 1256
3522 1257
3523 1257
3524 1257
3525 1257
3526 1257
3527 1258
3528 1258
3529 1258
3530 1258
3531 1258
3532 1259
3533 1259
3534 1259
3535 1259
3536 1259
3537 1260
3538 1260
3539 1260
3540 1260
3541 1260
3542 1261
3543 1261
3544 1261
3545 1261
3546 1261
3547 1262
3548 1262
3549 1262
3550 1262
3551 1262
3552 1263
3553 1263
3554 1263
3555 1263
3556 1263
3557 1263
3558 1264
3559 1264
3560 1264
3561 1264
3562 1264
3563 1265
3564 1265
3565 1265
3566 1265
3567 1265
3568 1266
3569 1266
3570 1266
3571 1266
3572 1266
3573 1267
3574 1267
3575 1267
3576 1267
3577 1267
3578 1268
3579 1268
3580 1268
3581 1268
3582 1268
3583 1269
3584 1269
3585 1269
3586 1269
3587 1269
3588 1270
3589 1270
3590 1270
3591 1270
3592 1270
3593 1270
3594 1271
3595 1271
3596 1271
3597 1271
3598 1271
3599 1272
3600 1272
3601 1272
3602 1272
3603 1272
3604 1273
3605 1273
3606 1273
3607 1273
3608 1273
3609 1274
3610 1274
3611 1274
3612 1274
3613 1274
3614 1275
3615 1275
3616 1275
3617 1275
3618 1275
3619 1276
3620 1276
3621 1276
3622 1276
3623 1276
3624 1277
3625 1277
3626 1277
3627 1277
3628 1277
3629 1278
3630 1278
3631 1278
3632 1278
3633 1278
3634 1278
3635 1279
3636 1279
3637 1279
3638 1279
3639 1279
3640 1280
3641 1280
3642 1280
3643 1280
3644 1280
3645 1281
3646 1281
3647 1281
3648 1281
3649 1281
3650 1282
3651 1282
3652 1282
3653 1282
3654 1282
3655 1283
3656 1283
3657 1283
3658 1283
3659 1283
3660 1284
3661 1284
3662 1284
3663 1284
3664 1284
3665 1285
3666 1285
3667 1285
3668 1285
3669 1285
3670 1285
3671 1286
3672 1286
3673 1286
3674 1286
3675 1286
3676 1287
3677 1287
3678 1287
3679 1287
3680 1287
3681 1288
3682 1288
3683 1288
3684 1288
3685 1288
3686 1289
3687 1289
3688 1289
3689 1289
3690 1289
3691 1290
3692 1290
3693 1290
3694 1290
3695 1290
3696 1291
3697 1291
3698 1291
3699 1291
3700 1291
3701 1292
3702 1292
3703 1292
3704 1292
3705 1292
3706 1292
3707 1293
3708 1293
3709 1293
3710 1293
3711 1293
3712 1294
3713 1294
3714 1294
3715 1294
3716 1294
3717 1295
3718 1295
3719 1295
3720 1295
3721 1295
3722 1296
3723 1296
3724 1296
3725 1296
3726 1296
3727 1297
3728 1297
3729 1297
3730 1297
3731 1297
3732 1298
3733 1298
3734 1298
3735 1298
3736 1298
3737 1299
3738 1299
3739 1299
3740 1299
3741 1299
3742 1299
3743 1300
3744 1300
3745 1300
3746 1300
3747 1300
3748 1301
3749 1301
3750 1301
3751 1301
3752 1301
3753 1302
3754 1302
3755 1302
3756 1302
3757 1302
3758 1303
3759 1303
3760 1303
3761 1303
3762 1303
3763 1304
3764 1304
3765 1304
3766 1304
3767 1304
3768 1305
3769 1305
3770 1305
3771 1305
3772 1305
3773 1306
3774 1306
3775 1306
3776 1306
3777 1306
3778 1306
3779 1307
3780 1307
3781 1307
3782 1307
3783 1307
3784 1308
3785 1308
3786 1308
3787 1308
3788 1308
3789 1309
3790 1309
3791 1309
3792 1309
3793 1309
3794 1310
3795 1310
3796 1310
3797 1310
3798 1310
3799 1311
3800 1311
3801 1311
3802 1311
3803 1311
3804 1312
3805 1312
3806 1312
3807 1312
3808 1312
3809 1313
3810 1313
3811 1313
3812 1313
3813 1313
3814 1314
3815 1314
3816 1314
3817 1314
3818 1314
3819 1314
3820 1315
3821 1315
3822 1315
3823 1315
3824 1315
3825 1316
3826 1316
3827 1316
3828 1316
3829 1316
3830 1317
3831 1317
3832 1317
3833 1317
3834 1317
3835 1318
3836 1318
3837 1318
3838 1318
3839 1318
3840 1319
3841 1319
3842 1319
3843 1319
3844 1319
3845 1320
3846 1320
3847 1320
3848 1320
3849 1320
3850 1321
3851 1321
3852 1321
3853 1321
3854 1321
3855 1321
3856 1322
3857 1322
3858 1322
3859 1322
3860 1322
3861 1323
3862 1323
3863 1323
3864 1323
3865 1323
3866 1324
3867 1324
3868 1324
3869 1324
3870 1324
3871 1325
3872 1325
3873 1325
3874 1325
3875 1325
3876 1326
3877 1326
3878 1326
3879 1326
3880 1326
3881 1327
3882 1327
3883 1327
3884 1327
3885 1327
3886 1328
3887 1328
3888 1328
3889 1328
3890 1328
3891 1328
3892 1329
3893 1329
3894 1329
3895 1329
3896 1329
3897 1330
3898 1330
3899 1330
3900 1330
3901 1330
3902 1331
3903 1331
3904 1331
3905 1331
3906 1331
3907 1332
3908 1332
3909 1332
3910 1332
3911 1332
3912 1333
3913 1333
3914 1333
3915 1333
3916 1333
3917 1334
3918 1334
3919 1334
3920 1334
3921 1334
3922 1335
3923 1335
3924 1335
3925 1335
3926 1335
3927 1335
3928 1336
3929 1336
3930 1336
3931 1336
3932 1336
3933 1337
3934 1337
3935 1337
3936 1337
3937 1337
3938 1338
3939 1338
3940 1338
3941 1338
3942 1338
3943 1339
3944 1339
3945 1339
3946 1339
3947 1339
3948 1340
3949 1340
3950 1340
3951 1340
3952 1340
3953 1341
3954 1341
3955 1341
3956 1341
3957 1341
3958 1342
3959 1342
3960 1342
3961 1342
3962 1342
3963 1342
3964 1343
3965 1343
3966 1343
3967 1343
3968 1343
3969 1344
3970 1344
3971 1344
3972 1344
3973 1344
3974 1345
3975 1345
3976 1345
3977 1345
3978 1345
3979 1346
3980 1346
3981 1346
3982 1346
3983 1346
3984 1347
3985 1347
3986 1347
3987 1347
3988 1347
3989 1348
3990 1348
3991 1348
3992 1348
3993 1348
3994 1349
3995 1349
3996 1349
3997 1349
3998 1349
3999 1350
4000 1350
4001 1351
4002 1351
4003 1352
4004 1352
4005 1353
4006 1353
4007 1354
4008 1354
4009 1355
4010 1355
4011 1356
4012 1357
4013 1357
4014 1358
4015 1358
4016 1359
4017 1359
4018 1360
4019 1360
4020 1361
4021 1361
4022 1362
4023 1363
4024 1363
4025 1364
4026 1364
4027 1365
4028 1365
4029 1366
4030 1366
4031 1367
4032 1367
4033 1368
4034 1369
4035 1369
4036 1370
4037 1370
4038 1371
4039 1371
4040 1372
4041 1372
4042 1373
4043 1373
4044 1374
4045 1374
4046 1375
4047 1376
4048 1376
4049 1377
4050 1377
4051 1378
4052 1378
4053 1379
4054 1379
4055 1380
4056 1380
4057 1381
4058 1382
4059 1382
4060 1383
4061 1383
4062 1384
4063 1384
4064 1385
4065 1385
4066 1386
4067 1386
4068 1387
4069 1388
4070 1388
4071 1389
4072 1389
4073 1390
4074 1390
4075 1391
4076 1391
4077 1392
4078 1392
4079 1393
4080 1394
4081 1394
4082 1395
4083 1395
4084 1396
4085 1396
4086 1397
4087 1397
4088 1398
4089 1398
4090 1399
4091 1399
4092 1400
4093 1401
4094 1401
4095 1402
4096 1402
4097 1403
4098 1403
4099 1404
4100 1404
4101 1405
4102 1405
4103 1406
4104 1407
4105 1407
4106 1408
4107 1408
4108 1409
4109 1409
4110 1410
4111 1410
4112 1411
4113 1411
4114 1412
4115 1413
4116 1413
4117 1414
4118 1414
4119 1415
4120 1415
4121 1416
4122 1416
4123 1417
4124 1417
4125 1418
4126 1419
4127 1419
4128 1420
4129 1420
4130 1421
4131 1421
4132 1422
4133 1422
4134 1423
4135 1423
4136 1424
4137 1424
4138 1425
4139 1426
4140 1426
4141 1427
4142 1427
4143 1428
4144 1428
4145 1429
4146 1429
4147 1430
4148 1430
4149 1431
4150 1432
4151 1432
4152 1433
4153 1433
4154 1434
4155 1434
4156 1435
4157 1435
4158 1436
4159 1436
4160 1437
4161 1438
4162 1438
4163 1439
4164 1439
4165 1440
4166 1440
4167 1441
4168 1441
4169 1442
4170 1442
4171 1443
4172 1444
4173 1447
4174 1451
4175 1454
4176 1458
4177 1462
4178 1465
4179 1469
4180 1473
4181 1476
4182 1480
4183 1483
4184 1487
4185 1491
4186 1494
4187 1498
4188 1502
4189 1505
4190 1509
4191 1512
4192 1516
4193 1520
4194 1523
4195 1527
4196 1531
4197 1534
4198 1538
4199 1541
4200 1545
4201 1549
4202 1552
4203 1556
4204 1560
4205 1563
4206 1567
4207 1570
4208 1574
4209 1578
4210 1581
4211 1585
4212 1589
4213 1592
4214 1596
4215 1599
4216 1603
4217 1607
4218 1610
4219 1614
4220 1618
4221 1621
4222 1625
4223 1629
4224 1632
4225 1636
4226 1639
4227 1643
4228 1647
4229 1650
4230 1654
4231 1658
4232 1661
4233 1665
4234 1668
4235 1672
4236 1676
4237 1679
4238 1683
4239 1687
4240 1690
4241 1694
4242 1697
4243 1701
4244 1705
4245 1708
4246 1712
4247 1716
4248 1719
4249 1723
4250 1726
4251 1730
4252 1734
4253 1737
4254 1741
4255 1745
4256 1748
4257 1752
4258 1755
4259 1759
4260 1763
4261 1766
4262 1770
4263 1774
4264 1777
4265 1781
4266 1785
4267 1789
4268 1794
4269 1798
4270 1803
4271 1808
4272 1812
4273 1817
4274 1821
4275 1826
4276 1831
4277 1835
4278 1840
4279 1845
4280 1849
4281 1854
4282 1858
4283 1863
4284 1868
4285 1872
4286 1877
4287 1881
4288 1886
4289 1891
4290 1895
4291 1900
4292 1905
4293 1909
4294 1914
4295 1918
4296 1923
4297 1928
4298 1932
4299 1937
4300 1941
4301 1946
4302 1951
4303 1955
4304 1960
4305 1965
4306 1969
4307 1974
4308 1978
4309 1983
4310 1988
4311 1992
4312 1997
4313 2001
4314 2006
4315 2011
4316 2015
4317 2020
4318 2025
4319 2029
4320 2034
4321 2038
4322 2043
4323 2048
4324 2052
4325 2057
4326 2061
4327 2066
4328 2071
4329 2075
4330 2080
4331 2085
4332 2089
4333 2094
4334 2098
4335 2103
4336 2107
4337 2112
4338 2116
4339 2121
4340 2125
4341 2130
4342 2134
4343 2139
4344 2143
4345 2148
4346 2152
4347 2157
4348 2161
4349 2166
4350 2170
4351 2175
4352 2179
4353 2184
4354 2188
4355 2193
4356 2197
4357 2202
4358 2206
4359 2211
4360 2215
4361 2220
4362 2224
4363 2229
4364 2233
4365 2238
4366 2242
4367 2247
4368 2251
4369 2256
4370 2260
4371 2265
4372 2269
4373 2274
4374 2278
4375 2283
4376 2287
4377 2292
4378 2296
4379 2301
4380 2305
4381 2310
4382 2314
4383 2319
4384 2323
4385 2328
4386 2332
4387 2337
4388 2341
4389 2346
4390 2350
4391 2355
4392 2359
4393 2364
4394 2368
4395 2373
4396 2377
4397 2382
4398 2386
4399 2391
4400 2395
4401 2400
4402 2404
4403 2409
4404 2413
4405 2418
4406 2423
4407 2429
4408 2435
4409 2441
4410 2447
4411 2453
4412 2459
4413 2466
4414 2472
4415 2478
4416 2484
4417 2490
4418 2496
4419 2502
4420 2509
4421 2515
4422 2521
4423 2527
4424 2533
4425 2539
4426 2545
4427 2552
4428 2558
4429 2564
4430 2570
4431 2576
4432 2582
4433 2588
4434 2595
4435 2601
4436 2607
4437 2613
4438 2619
4439 2625
4440 2631
4441 2638
4442 2644
4443 2650
4444 2656
4445 2662
4446 2668
4447 2674
4448 2681
4449 2687
4450 2693
4451 2699
4452 2705
4453 2711
4454 2717
4455 2724
4456 2730
4457 2736
4458 2742
4459 2748
4460 2754
4461 2760
4462 2767
4463 2773
4464 2779
4465 2785
4466 2791
4467 2797
4468 2804
4469 2807
4470 2810
4471 2813
4472 2816
4473 2819
4474 2822
4475 2825
4476 2828
4477 2831
4478 2834
4479 2837
4480 2840
4481 2843
4482 2846
4483 2849
4484 2852
4485 2855
4486 2858
4487 2861
4488 2864
4489 2867
4490 2870
4491 2873
4492 2876
4493 2879
4494 2882
4495 2885
4496 2888
4497 2891
4498 2894
4499 2898
4500 3137
4501 3138
4502 3139
4503 3141
4504 3142
4505 3144
4506 3145
4507 3147
4508 3148
4509 3150
4510 3151
4511 3153
4512 3154
4513 3156
4514 3157
4515 3158
4516 3160
4517 3161
4518 3163
4519 3164
4520 3166
4521 3167
4522 3169
4523 3170
4524 3172
4525 3173
4526 3175
4527 3176
4528 3177
4529 3179
4530 3180
4531 3182
4532 3183
4533 3185
4534 3186
4535 3188
4536 3189
4537 3191
4538 3192
4539 3194
4540 3197
4541 3201
4542 3205
4543 3209
4544 3212
4545 3216
4546 3220
4547 3224
4548 3227
4549 3231
4550 3235
4551 3239
4552 3242
4553 3246
4554 3250
4555 3254
4556 3257
4557 3261
4558 3265
4559 3269
4560 3272
4561 3276
4562 3280
4563 3284
4564 3288
4565 3290
4566 3293
4567 3295
4568 3298
4569 3301
4570 3303
4571 3306
4572 3309
4573 3311
4574 3314
4575 3317
4576 3319
4577 3322
4578 3324
4579 3327
4580 3330
4581 3332
4582 3335
4583 3338
4584 3340
4585 3343
4586 3346
4587 3348
4588 3351
4589 3353
4590 3356
4591 3359
4592 3361
4593 3364
4594 3367
4595 3369
4596 3372
4597 3375
4598 3377
4599 3380
4600 3383
4601 3385
4602 3388
4603 3390
4604 3393
4605 3396
4606 3398
4607 3401
4608 3404
4609 3406
4610 3409
4611 3412
4612 3414
4613 3417
4614 3419
4615 3422
4616 3425
4617 3427
4618 3430
4619 3433
4620 3435
4621 3438
4622 3441
4623 3443
4624 3446
4625 3448
4626 3451
4627 3454
4628 3456
4629 3459
4630 3462
4631 3464
4632 3467
4633 3470
4634 3472
4635 3475
4636 3478
4637 3483
4638 3488
4639 3494
4640 3499
4641 3504
4642 3510
4643 3515
4644 3520
4645 3526
4646 3531
4647 3536
4648 3542
4649 3547
4650 3552
4651 3558
4652 3563
4653 3568
4654 3574
4655 3579
4656 3584
4657 3590
4658 3595
4659 3600
4660 3606
4661 3611
4662 3616
4663 3622
4664 3627
4665 3632
4666 3638
4667 3643
4668 3648
4669 3654
4670 3659
4671 3664
4672 3670
4673 3675
4674 3680
4675 3686
4676 3691
4677 3696
4678 3702
4679 3707
4680 3712
4681 3718
4682 3720
4683 3722
4684 3724
4685 3727
4686 3729
4687 3731
4688 3733
4689 3736
4690 3738
4691 3740
4692 3743
4693 3745
4694 3747
4695 3749
4696 3752
4697 3754
4698 3756
4699 3758
4700 3761
4701 3763
4702 3765
4703 3768
4704 3770
4705 3772
4706 3774
4707 3777
4708 3779
4709 3781
4710 3783
4711 3786
4712 3788
4713 3790
4714 3793
4715 3795
4716 3797
4717 3799
4718 3802
4719 3804
4720 3806
4721 3808
4722 3811
4723 3813
4724 3815
4725 3818
4726 3820
4727 3822
4728 3824
4729 3827
4730 3829
4731 3831
4732 3834
4733 3836
4734 3838
4735 3840
4736 3843
4737 3845
4738 3847
4739 3849
4740 3852
4741 3854
4742 3856
4743 3859
4744 3861
4745 3863
4746 3865
4747 3868
4748 3870
4749 3872
4750 3874
4751 3877
4752 3879
4753 3881
4754 3884
4755 3886
4756 3888
4757 3890
4758 3893
4759 3895
4760 3897
4761 3899
4762 3902
4763 3904
4764 3906
4765 3909
4766 3911
4767 3913
4768 3915
4769 3918
4770 3920
4771 3922
4772 3925
4773 3927
4774 3929
4775 3931
4776 3934
4777 3936
4778 3938
4779 3940
4780 3943
4781 3945
4782 3947
4783 3950
4784 3952
4785 3954
4786 3956
4787 3959
4788 3961
4789 3963
4790 3965
4791 3968
4792 3970
4793 3972
4794 3975
4795 3977
4796 3979
4797 3981
4798 3984
4799 3986
4800 3988
4801 3990
4802 3993
4803 3995
4804 3997
4805 4000
4806 4002
4807 4004
4808 4006
4809 4009
4810 4011
4811 4013
4812 4016
4813 4022
4814 4028
4815 4034
4816 4041
4817 4047
4818 4053
4819 4060
4820 4066
4821 4072
4822 4079
4823 4085
4824 4091
4825 4098
4826 4104
4827 4110
4828 4117
4829 4123
4830 4129
4831 4135
4832 4142
4833 4148
4834 4154
4835 4161
4836 4167
4837 4173
4838 4180
4839 4186
4840 4192
4841 4199
4842 4205
4843 4211
4844 4218
4845 4224
4846 4230
4847 4237
4848 4243
4849 4249
4850 4255
4851 4262
4852 4268
4853 4274
4854 4281
4855 4287
4856 4293
4857 4300
4858 4306
4859 4312
4860 4319
4861 4325
4862 4331
4863 4338
4864 4344
4865 4350
4866 4356
4867 4363
4868 4369
4869 4375
4870 4382
4871 4388
4872 4394
4873 4401
4874 4407
4875 4413
4876 4420
4877 4426
4878 4432
4879 4439
4880 4445
4881 4451
4882 4458
4883 4458
4884 4459
4885 4459
4886 4460
4887 4460
4888 4461
4889 4462
4890 4462
4891 4463
4892 4463
4893 4464
4894 4464
4895 4465
4896 4466
4897 4466
4898 4467
4899 4467
4900 4468
4901 4469
4902 4469
4903 4470
4904 4470
4905 4471
4906 4471
4907 4472
4908 4473
4909 4473
4910 4474
4911 4474
4912 4475
4913 4476
4914 4476
4915 4477
4916 4477
4917 4478
4918 4478
4919 4479
4920 4480
4921 4480
4922 4481
4923 4481
4924 4482
4925 4483
4926 4483
4927 4484
4928 4484
4929 4485
4930 4485
4931 4486
4932 4487
4933 4487
4934 4488
4935 4488
4936 4489
4937 4489
4938 4490
4939 4491
4940 4491
4941 4492
4942 4492
4943 4493
4944 4494
4945 4494
4946 4495
4947 4495
4948 4496
4949 4496
4950 4497
4951 4498
4952 4498
4953 4499
4954 4499
4955 4500
4956 4501
4957 4501
4958 4502
4959 4502
4960 4503
4961 4503
4962 4504
4963 4505
4964 4505
4965 4506
4966 4506
4967 4507
4968 4508
4969 4508
4970 4509
4971 4509
4972 4510
4973 4510
4974 4511
4975 4512
4976 4512
4977 4513
4978 4513
4979 4514
4980 4514
4981 4515
4982 4516
4983 4516
4984 4517
4985 4517
4986 4518
4987 4519
4988 4519
4989 4520
4990 4520
4991 4521
4992 4521
4993 4522
4994 4523
4995 4523
4996 4524
4997 4524
4998 4525
4999 4526
5000 4526
5001 4527
5002 4527
5003 4528
5004 4528
5005 4529
5006 4530
5007 4530
5008 4531
5009 4531
5010 4532
5011 4533
5012 4533
5013 4534
5014 4534
5015 4535
5016 4535
5017 4536
5018 4537
5019 4537
5020 4538
5021 4538
5022 4539
5023 4539
5024 4540
5025 4541
5026 4541
5027 4542
5028 4542
5029 4543
5030 4544
5031 4544
5032 4545
5033 4545
5034 4546
5035 4546
5036 4547
5037 4548
5038 4548
5039 4549
5040 4549
5041 4550
5042 4551
5043 4551
5044 4552
5045 4552
5046 4553
5047 4553
5048 4554
5049 4555
5050 4555
5051 4556
5052 4556
5053 4557
5054 4558
5055 4558
5056 4559
5057 4559
5058 4560
5059 4560
5060 4561
5061 4562
5062 4562
5063 4563
5064 4563
5065 4564
5066 4565
5067 4565
5068 4565
5069 4565
5070 4565
5071 4565
5072 4565
5073 4566
5074 4566
5075 4566
5076 4566
5077 4566
5078 4566
5079 4567
5080 4567
5081 4567
5082 4567
5083 4567
5084 4567
5085 4568
5086 4568
5087 4568
5088 4568
5089 4568
5090 4568
5091 4569
5092 4569
5093 4569
5094 4569
5095 4569
5096 4569
5097 4570
5098 4570
5099 4570
5100 4570
5101 4570
5102 4570
5103 4571
5104 4571
5105 4571
5106 4571
5107 4571
5108 4571
5109 4572
5110 4572
5111 4572
5112 4572
5113 4572
5114 4572
5115 4573
5116 4573
5117 4573
5118 4573
5119 4573
5120 4573
5121 4574
5122 4574
5123 4574
5124 4574
5125 4574
5126 4574
5127 4575
5128 4575
5129 4575
5130 4575
5131 4575
5132 4575
5133 4576
5134 4576
5135 4576
5136 4576
5137 4576
5138 4576
5139 4577
5140 4577
5141 4577
5142 4577
5143 4577
5144 4577
5145 4578
5146 4578
5147 4578
5148 4578
5149 4578
5150 4578
5151 4579
5152 4579
5153 4579
5154 4579
5155 4579
5156 4579
5157 4580
5158 4580
5159 4580
5160 4580
5161 4580
5162 4580
5163 4581
5164 4581
5165 4581
5166 4581
5167 4581
5168 4581
5169 4582
5170 4582
5171 4582
5172 4582
5173 4582
5174 4582
5175 4583
5176 4583
5177 4583
5178 4583
5179 4583
5180 4583
5181 4584
5182 4584
5183 4584
5184 4584
5185 4584
5186 4584
5187 4585
5188 4585
5189 4585
5190 4585
5191 4585
5192 4585
5193 4586
5194 4586
5195 4586
5196 4586
5197 4586
5198 4586
5199 4587
5200 4587
5201 4587
5202 4587
5203 4587
5204 4587
5205 4588
5206 4588
5207 4588
5208 4588
5209 4588
5210 4588
5211 4589
5212 4589
5213 4589
5214 4589
5215 4589
5216 4589
5217 4590
5218 4590
5219 4590
5220 4590
5221 4590
5222 4590
5223 4591
5224 4591
5225 4591
5226 4591
5227 4591
5228 4591
5229 4592
5230 4592
5231 4592
5232 4592
5233 4592
5234 4592
5235 4593
5236 4593
5237 4593
5238 4593
5239 4593
5240 4593
5241 4594
5242 4594
5243 4594
5244 4594
5245 4594
5246 4594
5247 4595
5248 4595
5249 4595
5250 4595
5251 4595
5252 4595
5253 4596
5254 4596
5255 4596
5256 4596
5257 4596
5258 4596
5259 4597
5260 4597
5261 4597
5262 4597
5263 4597
5264 4597
5265 4598
5266 4598
5267 4598
5268 4598
5269 4598
5270 4598
5271 4599
5272 4599
5273 4599
5274 4599
5275 4599
5276 4599
5277 4600
5278 4600
5279 4600
5280 4600
5281 4600
5282 4600
5283 4601
5284 4601
5285 4601
5286 4601
5287 4601
5288 4601
5289 4602
5290 4602
5291 4602
5292 4602
5293 4602
5294 4602
5295 4603
5296 4603
5297 4603
5298 4603
5299 4603
5300 4603
5301 4604
5302 4604
5303 4604
5304 4604
5305 4604
5306 4604
5307 4605
5308 4605
5309 4605
5310 4605
5311 4605
5312 4605
5313 4606
5314 4606
5315 4606
5316 4606
5317 4606
5318 4606
5319 4607
5320 4607
5321 4607
5322 4607
5323 4607
5324 4607
5325 4608
5326 4608
5327 4608
5328 4608
5329 4608
5330 4608
5331 4609
5332 4609
5333 4609
5334 4609
5335 4609
5336 4609
5337 4610
5338 4610
5339 4610
5340 4610
5341 4610
5342 4610
5343 4611
5344 4611
5345 4611
5346 4611
5347 4611
5348 4611
5349 4612
5350 4612
5351 4612
5352 4612
5353 4612
5354 4612
5355 4613
5356 4613
5357 4613
5358 4613
5359 4613
5360 4613
5361 4613
5362 4614
5363 4614
5364 4614
5365 4614
5366 4614
5367 4614
5368 4615
5369 4615
5370 4615
5371 4615
5372 4615
5373 4615
5374 4616
5375 4616
5376 4616
5377 4616
5378 4616
5379 4616
5380 4617
5381 4617
5382 4617
5383 4617
5384 4617
5385 4617
5386 4618
5387 4618
5388 4618
5389 4618
5390 4618
5391 4618
5392 4619
5393 4619
5394 4619
5395 4619
5396 4619
5397 4619
5398 4620
5399 4620
5400 4620
5401 4620
5402 4620
5403 4620
5404 4621
5405 4621
5406 4621
5407 4621
5408 4621
5409 4621
5410 4622
5411 4622
5412 4622
5413 4622
5414 4622
5415 4622
5416 4623
5417 4623
5418 4623
5419 4623
5420 4623
5421 4623
5422 4624
5423 4624
5424 4624
5425 4624
5426 4624
5427 4624
5428 4625
5429 4625
5430 4625
5431 4625
5432 4625
5433 4625
5434 4626
5435 4626
5436 4626
5437 4626
5438 4626
5439 4626
5440 4627
5441 4627
5442 4627
5443 4627
5444 4627
5445 4627
5446 4628
5447 4628
5448 4628
5449 4628
5450 4628
5451 4628
5452 4629
5453 4629
5454 4629
5455 4629
5456 4629
5457 4629
5458 4630
5459 4630
5460 4630
5461 4630
5462 4630
5463 4630
5464 4631
5465 4631
5466 4631
5467 4631
5468 4631
5469 4631
5470 4632
5471 4632
5472 4632
5473 4632
5474 4632
5475 4632
5476 4633
5477 4633
5478 4633
5479 4633
5480 4633
5481 4633
5482 4634
5483 4634
5484 4634
5485 4634
5486 4634
5487 4634
5488 4635
5489 4635
5490 4635
5491 4635
5492 4635
5493 4635
5494 4636
5495 4636
5496 4636
5497 4636
5498 4636
5499 4636
5500 4637
5501 4637
5502 4637
5503 4637
5504 4637
5505 4637
5506 4638
5507 4638
5508 4638
5509 4638
5510 4638
5511 4638
5512 4639
5513 4639
5514 4639
5515 4639
5516 4639
5517 4639
5518 4640
5519 4640
5520 4640
5521 4640
5522 4640
5523 4640
5524 4641
5525 4641
5526 4641
5527 4641
5528 4641
5529 4641
5530 4642
5531 4642
5532 4642
5533 4642
5534 4642
5535 4642
5536 4643
5537 4643
5538 4643
5539 4643
5540 4643
5541 4643
5542 4644
5543 4644
5544 4644
5545 4644
5546 4644
5547 4644
5548 4645
5549 4645
5550 4645
5551 4645
5552 4645
5553 4645
5554 4646
5555 4646
5556 4646
5557 4646
5558 4646
5559 4646
5560 4647
5561 4647
5562 4647
5563 4647
5564 4647
5565 4647
5566 4648
5567 4648
5568 4648
5569 4648
5570 4648
5571 4648
5572 4649
5573 4649
5574 4649
5575 4649
5576 4649
5577 4649
5578 4650
5579 4650
5580 4650
5581 4650
5582 4650
5583 4650
5584 4651
5585 4651
5586 4651
5587 4651
5588 4651
5589 4651
5590 4652
5591 4652
5592 4652
5593 4652
5594 4652
5595 4652
5596 4653
5597 4653
5598 4653
5599 4653
5600 4653
5601 4653
5602 4654
5603 4654
5604 4654
5605 4654
5606 4654
5607 4654
5608 4655
5609 4655
5610 4655
5611 4655
5612 4655
5613 4655
5614 4656
5615 4656
5616 4656
5617 4656
5618 4656
5619 4656
5620 4657
5621 4657
5622 4657
5623 4657
5624 4657
5625 4657
5626 4658
5627 4658
5628 4658
5629 4658
5630 4658
5631 4658
5632 4659
5633 4659
5634 4659
5635 4659
5636 4659
5637 4659
5638 4660
5639 4660
5640 4660
5641 4660
5642 4660
5643 4660
5644 4661
5645 4661
5646 4661
5647 4661
5648 4661
5649 4662
5650 4662
5651 4662
5652 4662
5653 4662
5654 4663
5655 4663
5656 4663
5657 4663
5658 4664
5659 4664
5660 4664
5661 4664
5662 4664
5663 4665
5664 4665
5665 4665
5666 4665
5667 4665
5668 4666
5669 4666
5670 4666
5671 4666
5672 4667
5673 4667
5674 4667
5675 4667
5676 4667
5677 4668
5678 4668
5679 4668
5680 4668
5681 4669
5682 4669
5683 4669
5684 4669
5685 4669
5686 4670
5687 4670
5688 4670
5689 4670
5690 4670
5691 4671
5692 4671
5693 4671
5694 4671
5695 4672
5696 4672
5697 4672
5698 4672
5699 4672
5700 4673
5701 4673
5702 4673
5703 4673
5704 4673
5705 4674
5706 4674
5707 4674
5708 4674
5709 4675
5710 4675
5711 4675
5712 4675
5713 4675
5714 4676
5715 4676
5716 4676
5717 4676
5718 4677
5719 4677
5720 4677
5721 4677
5722 4677
5723 4678
5724 4678
5725 4678
5726 4678
5727 4678
5728 4679
5729 4679
5730 4679
5731 4679
5732 4680
5733 4680
5734 4680
5735 4680
5736 4680
5737 4681
5738 4681
5739 4681
5740 4681
5741 4681
5742 4682
5743 4682
5744 4682
5745 4682
5746 4683
5747 4683
5748 4683
5749 4683
5750 4683
5751 4684
5752 4684
5753 4684
5754 4684
5755 4685
5756 4685
5757 4685
5758 4685
5759 4685
5760 4686
5761 4686
5762 4686
5763 4686
5764 4686
5765 4687
5766 4687
5767 4687
5768 4687
5769 4688
5770 4688
5771 4688
5772 4688
5773 4688
5774 4689
5775 4689
5776 4689
5777 4689
5778 4689
5779 4690
5780 4690
5781 4690
5782 4690
5783 4691
5784 4691
5785 4691
5786 4691
5787 4691
5788 4692
5789 4692
5790 4692
5791 4692
5792 4693
5793 4693
5794 4693
5795 4693
5796 4693
5797 4694
5798 4694
5799 4694
5800 4694
5801 4694
5802 4695
5803 4695
5804 4695
5805 4695
5806 4696
5807 4696
5808 4696
5809 4696
5810 4696
5811 4697
5812 4697
5813 4697
5814 4697
5815 4697
5816 4698
5817 4698
5818 4698
5819 4698
5820 4699
5821 4699
5822 4699
5823 4699
5824 4699
5825 4700
5826 4700
5827 4700
5828 4700
5829 4701
5830 4701
5831 4701
5832 4701
5833 4701
5834 4702
5835 4702
5836 4702
5837 4702
5838 4702
5839 4703
5840 4703
5841 4703
5842 4703
5843 4704
5844 4704
5845 4704
5846 4704
5847 4704
5848 4705
5849 4705
5850 4705
5851 4705
5852 4705
5853 4706
5854 4706
5855 4706
5856 4706
5857 4707
5858 4707
5859 4707
5860 4707
5861 4707
5862 4708
5863 4708
5864 4708
5865 4708
5866 4709
5867 4709
5868 4709
5869 4709
5870 4709
5871 4710
5872 4710
5873 4710
5874 4710
5875 4710
5876 4711
5877 4711
5878 4711
5879 4711
5880 4712
5881 4712
5882 4712
5883 4712
5884 4712
5885 4713
5886 4713
5887 4713
5888 4713
5889 4713
5890 4714
5891 4714
5892 4714
5893 4714
5894 4715
5895 4715
5896 4715
5897 4715
5898 4715
5899 4716
5900 4716
5901 4716
5902 4716
5903 4717
5904 4717
5905 4717
5906 4717
5907 4717
5908 4718
5909 4718
5910 4718
5911 4718
5912 4718
5913 4719
5914 4719
5915 4719
5916 4719
5917 4720
5918 4720
5919 4720
5920 4720
5921 4720
5922 4721
5923 4721
5924 4721
5925 4721
5926 4721
5927 4722
5928 4722
5929 4722
5930 4722
5931 4723
5932 4723
5933 4723
5934 4723
5935 4723
5936 4724
5937 4724
5938 4724
5939 4724
5940 4725
5941 4725
5942 4725
5943 4725
5944 4725
5945 4726
5946 4726
5947 4726
5948 4726
5949 4726
5950 4727
5951 4727
5952 4727
5953 4727
5954 4728
5955 4728
5956 4728
5957 4728
5958 4728
5959 4729
5960 4729
5961 4729
5962 4729
5963 4729
5964 4730
5965 4730
5966 4730
5967 4730
5968 4731
5969 4731
5970 4731
5971 4731
5972 4731
5973 4732
5974 4732
5975 4732
5976 4732
5977 4733
5978 4733
5979 4733
5980 4733
5981 4733
5982 4734
5983 4734
5984 4734
5985 4734
5986 4734
5987 4735
5988 4735
5989 4735
5990 4735
5991 4736
5992 4736
5993 4736
5994 4736
5995 4736
5996 4737
5997 4737
5998 4737
5999 4737
6000 4738
6001 4738
6002 4738
6003 4738
6004 4738
6005 4739
6006 4739
6007 4739
6008 4739
6009 4740
6010 4740
6011 4740
6012 4740
6013 4741
6014 4741
6015 4741
6016 4741
6017 4742
6018 4742
6019 4742
6020 4742
6021 4743
6022 4743
6023 4743
6024 4743
6025 4744
6026 4744
6027 4744
6028 4744
6029 4745
6030 4745
6031 4745
6032 4745
6033 4746
6034 4746
6035 4746
6036 4746
6037 4747
6038 4747
6039 4747
6040 4747
6041 4748
6042 4748
6043 4748
6044 4748
6045 4749
6046 4749
6047 4749
6048 4749
6049 4750
6050 4750
6051 4750
6052 4750
6053 4751
6054 4751
6055 4751
6056 4751
6057 4752
6058 4752
6059 4752
6060 4752
6061 4753
6062 4753
6063 4753
6064 4753
6065 4754
6066 4754
6067 4754
6068 4754
6069 4755
6070 4755
6071 4755
6072 4755
6073 4756
6074 4756
6075 4756
6076 4756
6077 4757
6078 4757
6079 4757
6080 4757
6081 4758
6082 4758
6083 4758
6084 4758
6085 4759
6086 4759
6087 4759
6088 4759
6089 4760
6090 4760
6091 4760
6092 4760
6093 4760
6094 4761
6095 4761
6096 4761
6097 4761
6098 4762
6099 4762
6100 4762
6101 4762
6102 4763
6103 4763
6104 4763
6105 4763
6106 4764
6107 4764
6108 4764
6109 4764
6110 4765
6111 4765
6112 4765
6113 4765
6114 4766
6115 4766
6116 4766
6117 4766
6118 4767
6119 4767
6120 4767
6121 4767
6122 4768
6123 4768
6124 4768
6125 4768
6126 4769
6127 4769
6128 4769
6129 4769
6130 4770
6131 4770
6132 4770
6133 4770
6134 4771
6135 4771
6136 4771
6137 4771
6138 4772
6139 4772
6140 4772
6141 4772
6142 4773
6143 4773
6144 4773
6145 4773
6146 4774
6147 4774
6148 4774
6149 4774
6150 4775
6151 4775
6152 4775
6153 4775
6154 4776
6155 4776
6156 4776
6157 4776
6158 4777
6159 4777
6160 4777
6161 4777
6162 4778
6163 4778
6164 4778
6165 4778
6166 4779
6167 4779
6168 4779
6169 4779
6170 4780
6171 4780
6172 4780
6173 4780
6174 4781
6175 4781
6176 4781
6177 4781
6178 4782
6179 4782
6180 4782
6181 4782
6182 4783
6183 4783
6184 4783
6185 4783
6186 4783
6187 4784
6188 4784
6189 4784
6190 4784
6191 4785
6192 4785
6193 4785
6194 4785
6195 4786
6196 4786
6197 4786
6198 4786
6199 4787
6200 4787
6201 4787
6202 4787
6203 4788
6204 4788
6205 4788
6206 4788
6207 4789
6208 4789
6209 4789
6210 4789
6211 4790
6212 4790
6213 4790
6214 4790
6215 4791
6216 4791
6217 4791
6218 4791
6219 4792
6220 4792
6221 4792
6222 4792
6223 4793
6224 4793
6225 4793
6226 4793
6227 4794
6228 4794
6229 4794
6230 4794
6231 4795
6232 4795
6233 4795
6234 4795
6235 4796
6236 4796
6237 4796
6238 4796
6239 4797
6240 4797
6241 4797
6242 4797
6243 4798
6244 4798
6245 4798
6246 4798
6247 4799
6248 4799
6249 4799
6250 4799
6251 4800
6252 4800
6253 4800
6254 4800
6255 4801
6256 4801
6257 4801
6258 4801
6259 4802
6260 4802
6261 4802
6262 4802
6263 4803
6264 4803
6265 4803
6266 4803
6267 4804
6268 4804
6269 4804
6270 4804
6271 4805
6272 4805
6273 4805
6274 4805
6275 4805
6276 4806
6277 4806
6278 4806
6279 4806
6280 4807
6281 4807
6282 4807
6283 4807
6284 4808
6285 4808
6286 4808
6287 4808
6288 4809
6289 4809
6290 4809
6291 4809
6292 4810
6293 4810
6294 4810
6295 4810
6296 4811
6297 4811
6298 4811
6299 4811
6300 4812
6301 4812
6302 4812
6303 4812
6304 4813
6305 4813
6306 4813
6307 4813
6308 4814
6309 4814
6310 4814
6311 4814
6312 4815
6313 4815
6314 4815
6315 4815
6316 4816
6317 4816
6318 4816
6319 4816
6320 4817
6321 4817
6322 4817
6323 4817
6324 4818
6325 4818
6326 4818
6327 4818
6328 4819
6329 4819
6330 4819
6331 4819
6332 4820
6333 4820
6334 4820
6335 4820
6336 4821
6337 4821
6338 4821
6339 4821
6340 4822
6341 4822
6342 4822
6343 4822
6344 4823
6345 4823
6346 4823
6347 4823
6348 4824
6349 4824
6350 4824
6351 4824
6352 4825
6353 4825
6354 4825
6355 4825
6356 4826
6357 4826
6358 4826
6359 4826
6360 4827
6361 4827
6362 4827
6363 4827
6364 4828
6365 4828
6366 4828
6367 4828
6368 4828
6369 4829
6370 4829
6371 4829
6372 4829
6373 4830
6374 4830
6375 4830
6376 4830
6377 4831
6378 4831
6379 4831
6380 4831
6381 4832
6382 4832
6383 4832
6384 4832
6385 4833
6386 4833
6387 4833
6388 4833
6389 4834
6390 4834
6391 4834
6392 4834
6393 4835
6394 4835
6395 4835
6396 4835
6397 4836
6398 4836
6399 4836
6400 4836
6401 4837
6402 4837
6403 4837
6404 4837
6405 4838
6406 4838
6407 4838
6408 4838
6409 4839
6410 4839
6411 4839
6412 4839
6413 4840
6414 4840
6415 4840
6416 4840
6417 4841
6418 4841
6419 4841
6420 4841
6421 4842
6422 4842
6423 4842
6424 4842
6425 4843
6426 4843
6427 4843
6428 4843
6429 4844
6430 4844
6431 4844
6432 4844
6433 4845
6434 4845
6435 4845
6436 4845
6437 4846
6438 4846
6439 4846
6440 4846
6441 4847
6442 4847
6443 4847
6444 4847
6445 4848
6446 4848
6447 4848
6448 4848
6449 4849
6450 4849
6451 4849
6452 4849
6453 4850
6454 4850
6455 4850
6456 4850
6457 4850
6458 4851
6459 4851
6460 4851
6461 4851
6462 4852
6463 4852
6464 4852
6465 4852
6466 4853
6467 4853
6468 4853
6469 4853
6470 4854
6471 4854
6472 4854
6473 4854
6474 4855
6475 4855
6476 4855
6477 4855
6478 4856
6479 4856
6480 4856
6481 4856
6482 4857
6483 4857
6484 4857
6485 4857
6486 4858
6487 4858
6488 4858
6489 4858
6490 4859
6491 4859
6492 4859
6493 4859
6494 4860
6495 4860
6496 4860
6497 4860
6498 4861
6499 4861
6500 4861
6501 4861
6502 4862
6503 4862
6504 4862
6505 4862
6506 4863
6507 4863
6508 4863
6509 4863
6510 4864
6511 4864
6512 4864
6513 4864
6514 4865
6515 4865
6516 4865
6517 4865
6518 4866
6519 4866
6520 4866
6521 4866
6522 4867
6523 4867
6524 4867
6525 4867
6526 4868
6527 4868
6528 4868
6529 4868
6530 4869
6531 4869
6532 4869
6533 4869
6534 4870
6535 4870
6536 4870
6537 4870
6538 4871
6539 4871
6540 4871
6541 4871
6542 4872
6543 4872
6544 4872
6545 4872
6546 4873
6547 4874
6548 4875
6549 4876
6550 4877
6551 4878
6552 4879
6553 4880
6554 4881
6555 4882
6556 4883
6557 4884
6558 4885
6559 4886
6560 4887
6561 4889
6562 4890
6563 4891
6564 4892
6565 4893
6566 4894
6567 4895
6568 4896
6569 4897
6570 4898
6571 4899
6572 4900
6573 4901
6574 4902
6575 4904
6576 4905
6577 4906
6578 4907
6579 4908
6580 4909
6581 4910
6582 4911
6583 4912
6584 4913
6585 4914
6586 4915
6587 4916
6588 4917
6589 4918
6590 4920
6591 4921
6592 4922
6593 4923
6594 4924
6595 4925
6596 4926
6597 4927
6598 4928
6599 4929
6600 4930
6601 4931
6602 4932
6603 4933
6604 4935
6605 4936
6606 4937
6607 4938
6608 4939
6609 4940
6610 4941
6611 4942
6612 4943
6613 4944
6614 4945
6615 4946
6616 4947
6617 4948
6618 4950
6619 4951
6620 4952
6621 4953
6622 4954
6623 4955
6624 4956
6625 4957
6626 4958
6627 4959
6628 4961
6629 4962
6630 4963
6631 4964
6632 4965
6633 4966
6634 4967
6635 4968
6636 4969
6637 4970
6638 4972
6639 4973
6640 4974
6641 4975
6642 4976
6643 4977
6644 4978
6645 4979
6646 4980
6647 4981
6648 4983
6649 4984
6650 4985
6651 4986
6652 4987
6653 4988
6654 4989
6655 4990
6656 4991
6657 4992
6658 4994
6659 4995
6660 4996
6661 4997
6662 4998
6663 4999
6664 5000
6665 5001
6666 5002
6667 5003
6668 5005
6669 5007
6670 5009
6671 5011
6672 5013
6673 5015
6674 5017
6675 5019
6676 5021
6677 5023
6678 5025
6679 5027
6680 5029
6681 5031
6682 5033
6683 5035
6684 5037
6685 5039
6686 5041
6687 5043
6688 5045
6689 5047
6690 5049
6691 5051
6692 5053
6693 5055
6694 5057
6695 5059
6696 5061
6697 5063
6698 5065
6699 5067
6700 5069
6701 5071
6702 5073
6703 5075
6704 5077
6705 5079
6706 5082
6707 5084
6708 5086
6709 5088
6710 5090
6711 5092
6712 5094
6713 5096
6714 5098
6715 5100
6716 5102
6717 5104
6718 5106
6719 5108
6720 5110
6721 5112
6722 5114
6723 5116
6724 5118
6725 5120
6726 5122
6727 5124
6728 5126
6729 5128
6730 5130
6731 5132
6732 5134
6733 5136
6734 5138
6735 5140
6736 5142
6737 5144
6738 5146
6739 5148
6740 5150
6741 5152
6742 5154
6743 5156
6744 5159
6745 5161
6746 5163
6747 5165
6748 5167
6749 5169
6750 5171
6751 5173
6752 5175
6753 5177
6754 5179
6755 5181
6756 5183
6757 5185
6758 5187
6759 5189
6760 5191
6761 5193
6762 5195
6763 5197
6764 5199
6765 5201
6766 5203
6767 5205
6768 5207
6769 5209
6770 5211
6771 5213
6772 5215
6773 5217
6774 5219
6775 5221
6776 5223
6777 5225
6778 5227
6779 5229
6780 5231
6781 5233
6782 5236
6783 5238
6784 5240
6785 5242
6786 5244
6787 5246
6788 5248
6789 5250
6790 5252
6791 5254
6792 5256
6793 5258
6794 5260
6795 5262
6796 5264
6797 5266
6798 5268
6799 5270
6800 5272
6801 5274
6802 5276
6803 5278
6804 5280
6805 5282
6806 5284
6807 5286
6808 5288
6809 5290
6810 5292
6811 5294
6812 5296
6813 5298
6814 5300
6815 5302
6816 5304
6817 5306
6818 5308
6819 5311
6820 5313
6821 5315
6822 5317
6823 5319
6824 5321
6825 5323
6826 5325
6827 5327
6828 5329
6829 5331
6830 5333
6831 5335
6832 5337
6833 5339
6834 5341
6835 5343
6836 5345
6837 5347
6838 5349
6839 5351
6840 5353
6841 5355
6842 5357
6843 5359
6844 5361
6845 5363
6846 5365
6847 5367
6848 5369
6849 5371
6850 5373
6851 5375
6852 5377
6853 5379
6854 5381
6855 5383
6856 5385
6857 5388
6858 5390
6859 5392
6860 5394
6861 5396
6862 5398
6863 5400
6864 5402
6865 5404
6866 5406
6867 5408
6868 5410
6869 5412
6870 5414
6871 5416
6872 5418
6873 5420
6874 5422
6875 5424
6876 5426
6877 5428
6878 5430
6879 5432
6880 5434
6881 5436
6882 5438
6883 5440
6884 5442
6885 5444
6886 5446
6887 5448
6888 5450
6889 5452
6890 5454
6891 5456
6892 5458
6893 5460
6894 5462
6895 5465
6896 5467
6897 5469
6898 5471
6899 5473
6900 5475
6901 5477
6902 5479
6903 5481
6904 5483
6905 5485
6906 5487
6907 5489
6908 5491
6909 5493
6910 5495
6911 5497
6912 5499
6913 5501
6914 5503
6915 5505
6916 5507
6917 5509
6918 5511
6919 5513
6920 5515
6921 5517
6922 5519
6923 5521
6924 5523
6925 5525
6926 5527
6927 5529
6928 5531
6929 5533
6930 5535
6931 5537
6932 5539
6933 5542
6934 5544
6935 5546
6936 5548
6937 5550
6938 5552
6939 5554
6940 5556
6941 5558
6942 5560
6943 5562
6944 5564
6945 5566
6946 5568
6947 5570
6948 5572
6949 5574
6950 5576
6951 5578
6952 5580
6953 5582
6954 5584
6955 5586
6956 5588
6957 5590
6958 5592
6959 5594
6960 5596
6961 5598
6962 5600
6963 5602
6964 5604
6965 5606
6966 5608
6967 5610
6968 5612
6969 5614
6970 5617
6971 5619
6972 5622
6973 5624
6974 5627
6975 5630
6976 5632
6977 5635
6978 5637
6979 5640
6980 5643
6981 5645
6982 5648
6983 5650
6984 5653
6985 5656
6986 5658
6987 5661
6988 5663
6989 5666
6990 5669
6991 5671
6992 5674
6993 5677
6994 5679
6995 5682
6996 5684
6997 5687
6998 5690
6999 5692
7000 5695
7001 5697
7002 5700
7003 5703
7004 5705
7005 5708
7006 5710
7007 5713
7008 5716
7009 5718
7010 5721
7011 5723
7012 5726
7013 5729
7014 5731
7015 5734
7016 5737
7017 5739
7018 5742
7019 5744
7020 5747
7021 5750
7022 5752
7023 5755
7024 5757
7025 5760
7026 5763
7027 5765
7028 5768
7029 5770
7030 5773
7031 5776
7032 5778
7033 5781
7034 5783
7035 5786
7036 5789
7037 5791
7038 5794
7039 5797
7040 5799
7041 5802
7042 5804
7043 5807
7044 5810
7045 5812
7046 5815
7047 5817
7048 5820
7049 5823
7050 5825
7051 5828
7052 5830
7053 5833
7054 5836
7055 5838
7056 5841
7057 5843
7058 5846
7059 5849
7060 5851
7061 5854
7062 5857
7063 5858
7064 5860
7065 5861
7066 5863
7067 5864
7068 5866
7069 5867
7070 5869
7071 5870
7072 5872
7073 5873
7074 5875
7075 5877
7076 5878
7077 5880
7078 5881
7079 5883
7080 5884
7081 5886
7082 5887
7083 5889
7084 5890
7085 5892
7086 5893
7087 5895
7088 5897
7089 5897
7090 5897
7091 5897
7092 5897
7093 5897
7094 5897
7095 5897
7096 5897
7097 5897
7098 5897
7099 5897
7100 5897
7101 5897
7102 5897
7103 5897
7104 5898
7105 5898
7106 5898
7107 5898
7108 5898
7109 5898
7110 5898
7111 5898
7112 5898
7113 5898
7114 5898
7115 5898
7116 5898
7117 5898
7118 5898
7119 5898
7120 5899
7121 5899
7122 5899
7123 5899
7124 5899
7125 5899
7126 5899
7127 5899
7128 5899
7129 5899
7130 5899
7131 5899
7132 5899
7133 5899
7134 5899
7135 5900
7136 5900
7137 5900
7138 5900
7139 5900
7140 5900
7141 5900
7142 5900
7143 5900
7144 5900
7145 5900
7146 5900
7147 5900
7148 5900
7149 5900
7150 5900
7151 5901
7152 5901
7153 5901
7154 5901
7155 5901
7156 5901
7157 5901
7158 5901
7159 5901
7160 5901
7161 5901
7162 5901
7163 5901
7164 5901
7165 5901
7166 5902
7167 5902
7168 5902
7169 5902
7170 5902
7171 5902
7172 5902
7173 5902
7174 5902
7175 5902
7176 5902
7177 5902
7178 5902
7179 5902
7180 5902
7181 5902
7182 5903
7183 5903
7184 5903
7185 5903
7186 5903
7187 5903
7188 5903
7189 5903
7190 5903
7191 5903
7192 5903
7193 5903
7194 5903
7195 5903
7196 5903
7197 5904
7198 5904
7199 5904
7200 5904
7201 5904
7202 5904
7203 5904
7204 5904
7205 5904
7206 5904
7207 5904
7208 5904
7209 5904
7210 5904
7211 5904
7212 5904
7213 5905
7214 5905
7215 5905
7216 5905
7217 5905
7218 5905
7219 5905
7220 5905
7221 5905
7222 5905
7223 5905
7224 5905
7225 5905
7226 5905
7227 5905
7228 5905
7229 5906
7230 5906
7231 5906
7232 5906
7233 5906
7234 5906
7235 5906
7236 5906
7237 5906
7238 5906
7239 5906
7240 5906
7241 5906
7242 5906
7243 5906
7244 5907
7245 5907
7246 5907
7247 5907
7248 5907
7249 5907
7250 5907
7251 5907
7252 5907
7253 5907
7254 5907
7255 5907
7256 5907
7257 5907
7258 5907
7259 5907
7260 5908
7261 5908
7262 5908
7263 5908
7264 5908
7265 5908
7266 5908
7267 5908
7268 5908
7269 5908
7270 5908
7271 5908
7272 5908
7273 5908
7274 5908
7275 5909
7276 5909
7277 5909
7278 5909
7279 5909
7280 5909
7281 5909
7282 5909
7283 5909
7284 5909
7285 5909
7286 5909
7287 5909
7288 5909
7289 5909
7290 5909
7291 5910
7292 5910
7293 5910
7294 5910
7295 5910
7296 5910
7297 5910
7298 5910
7299 5910
7300 5910
7301 5910
7302 5910
7303 5910
7304 5910
7305 5910
7306 5911
7307 5911
7308 5911
7309 5911
7310 5911
7311 5911
7312 5911
7313 5911
7314 5911
7315 5911
7316 5911
7317 5911
7318 5911
7319 5911
7320 5911
7321 5911
7322 5912
7323 5912
7324 5912
7325 5912
7326 5912
7327 5912
7328 5912
7329 5912
7330 5912
7331 5912
7332 5912
7333 5912
7334 5912
7335 5912
7336 5912
7337 5912
7338 5913
7339 5913
7340 5913
7341 5913
7342 5913
7343 5913
7344 5913
7345 5913
7346 5913
7347 5913
7348 5913
7349 5913
7350 5913
7351 5913
7352 5913
7353 5914
7354 5914
7355 5914
7356 5914
7357 5914
7358 5914
7359 5914
7360 5914
7361 5914
7362 5914
7363 5914
7364 5914
7365 5914
7366 5914
7367 5914
7368 5914
7369 5915
7370 5915
7371 5915
7372 5915
7373 5915
7374 5915
7375 5915
7376 5915
7377 5915
7378 5915
7379 5915
7380 5915
7381 5915
7382 5915
7383 5915
7384 5916
7385 5916
7386 5916
7387 5916
7388 5916
7389 5916
7390 5916
7391 5916
7392 5916
7393 5916
7394 5916
7395 5916
7396 5916
7397 5916
7398 5916
7399 5916
7400 5917
7401 5917
7402 5917
7403 5917
7404 5917
7405 5917
7406 5917
7407 5917
7408 5917
7409 5917
7410 5917
7411 5917
7412 5917
7413 5917
7414 5917
7415 5918
7416 5918
7417 5918
7418 5918
7419 5918
7420 5918
7421 5918
7422 5918
7423 5918
7424 5918
7425 5918
7426 5918
7427 5918
7428 5918
7429 5918
7430 5918
7431 5919
7432 5919
7433 5919
7434 5919
7435 5919
7436 5919
7437 5919
7438 5919
7439 5919
7440 5919
7441 5919
7442 5919
7443 5919
7444 5919
7445 5919
7446 5919
7447 5920
7448 5920
7449 5920
7450 5920
7451 5920
7452 5920
7453 5920
7454 5920
7455 5920
7456 5920
7457 5920
7458 5920
7459 5920
7460 5920
7461 5920
7462 5921
7463 5921
7464 5921
7465 5921
7466 5921
7467 5921
7468 5921
7469 5921
7470 5921
7471 5921
7472 5921
7473 5921
7474 5921
7475 5921
7476 5921
7477 5921
7478 5922
7479 5922
7480 5922
7481 5922
7482 5922
7483 5922
7484 5922
7485 5922
7486 5922
7487 5922
7488 5922
7489 5922
7490 5922
7491 5922
7492 5922
7493 5923
7494 5923
7495 5923
7496 5923
7497 5923
7498 5923
7499 5923
7500 5923
7501 5923
7502 5923
7503 5923
7504 5923
7505 5923
7506 5923
7507 5923
7508 5923
7509 5924
7510 5924
7511 5924
7512 5924
7513 5924
7514 5924
7515 5924
7516 5924
7517 5924
7518 5924
7519 5924
7520 5924
7521 5924
7522 5924
7523 5924
