0 0
700 25.38
1225 44.28
1650 67.94
2000 79.00
2100 83.81
2775 110.85
2980 118.86
3680 159.11
4100 173.53
4370 187.66
5000 218.50
5250 238.28
6000 268.15
6060 269.35
6260 281.41
6320 283.44
7000 321.92
7450 339.16
7930 371.63
8180 382.48
8960 406.49
9385 432.41
10100 479.77
10330 496.98
10474 498.82
11480 551.13
12250 595.37
12520 598.75
12675 613.78
12709 617.12
13075 642.50
13230 661.40
13442 685.06
13650 696.12
13710 700.93
13954 727.97
14115 735.98
14980 776.23
15537 790.65
15662 804.78
15910 835.62
16160 855.40
17310 885.27
17409 886.47
17595 898.53
17680 900.56
18930 939.04
19290 956.28
19532 988.75
19623 999.60
19890 1023.61
20180 1049.53
21000 1096.89
21321 1114.10
21450 1115.94
22650 1168.25
23034 1212.49
23770 1215.87
23980 1230.90
24025 1234.24
