0 0
1 0
2 1
3 1
4 2
5 2
6 3
7 3
8 4
9 4
10 5
11 6
12 6
13 7
14 7
15 8
16 8
17 9
18 9
19 10
20 11
21 11
22 12
23 12
24 13
25 13
26 14
27 14
28 15
29 16
30 16
31 17
32 17
33 18
34 18
35 19
36 19
37 20
38 21
39 21
40 22
41 22
42 23
43 23
44 24
45 24
46 25
47 26
48 26
49 27
50 27
51 28
52 28
53 29
54 29
55 30
56 31
57 31
58 32
59 32
60 33
61 33
62 34
63 34
64 35
65 36
66 36
67 37
68 37
69 38
70 38
71 39
72 39
73 40
74 41
75 41
76 42
77 43
78 44
79 45
80 46
81 47
82 48
83 48
84 49
85 50
86 51
87 52
88 53
89 54
90 55
91 55
92 56
93 57
94 58
95 59
96 60
97 61
98 62
99 62
100 63
101 64
102 65
103 66
104 67
105 68
106 69
107 70
108 70
109 70
110 71
111 71
112 71
113 72
114 72
115 73
116 73
117 73
118 74
119 74
120 74
121 75
122 75
123 76
124 76
125 76
126 77
127 77
128 77
129 78
130 78
131 79
132 79
133 79
134 80
135 80
136 80
137 81
138 81
139 82
140 82
141 82
142 83
143 83
144 83
145 84
146 84
147 85
148 85
149 85
150 86
151 86
152 87
153 87
154 87
155 88
156 88
157 88
158 89
159 89
160 90
161 90
162 90
163 91
164 91
165 91
166 92
167 92
168 93
169 93
170 93
171 94
172 94
173 94
174 95
175 95
176 96
177 96
178 96
179 97
180 97
181 97
182 98
183 98
184 99
185 99
186 99
187 100
188 100
189 101
190 101
191 101
192 101
193 102
194 102
195 102
196 103
197 103
198 103
199 104
200 104
201 104
202 105
203 105
204 105
205 106
206 106
207 106
208 107
209 107
210 107
211 108
212 108
213 108
214 109
215 109
216 109
217 109
218 110
219 110
220 110
221 111
222 111
223 111
224 112
225 112
226 112
227 113
228 113
229 113
230 114
231 114
232 114
233 115
234 115
235 115
236 116
237 116
238 116
239 117
240 117
241 117
242 117
243 118
244 118
245 118
246 119
247 119
248 119
249 120
250 120
251 120
252 121
253 121
254 121
255 122
256 122
257 122
258 123
259 123
260 123
261 124
262 124
263 124
264 125
265 125
266 125
267 126
268 126
269 126
270 127
271 127
272 128
273 128
274 129
275 129
276 129
277 130
278 130
279 131
280 131
281 132
282 132
283 133
284 133
285 133
286 134
287 134
288 135
289 135
290 136
291 136
292 136
293 137
294 137
295 138
296 138
297 139
298 139
299 140
300 140
301 140
302 141
303 141
304 142
305 142
306 143
307 143
308 144
309 144
310 144
311 145
312 145
313 146
314 146
315 147
316 147
317 147
318 148
319 148
320 149
321 149
322 150
323 150
324 151
325 151
326 151
327 152
328 152
329 153
330 153
331 154
332 154
333 155
334 156
335 157
336 158
337 159
338 160
339 161
340 162
341 163
342 164
343 165
344 166
345 167
346 168
347 169
348 170
349 172
350 173
351 174
352 175
353 176
354 177
355 178
356 179
357 180
358 181
359 182
360 183
361 184
362 185
363 186
364 188
365 188
366 188
367 189
368 189
369 190
370 190
371 191
372 191
373 192
374 192
375 192
376 193
377 193
378 194
379 194
380 195
381 195
382 196
383 196
384 197
385 197
386 197
387 198
388 198
389 199
390 199
391 200
392 200
393 201
394 201
395 201
396 202
397 202
398 203
399 203
400 204
401 204
402 205
403 205
404 206
405 206
406 206
407 207
408 207
409 208
410 208
411 209
412 209
413 210
414 210
415 211
416 211
417 211
418 212
419 212
420 213
421 213
422 214
423 214
424 215
425 215
426 215
427 216
428 216
429 217
430 217
431 218
432 218
433 219
434 219
435 220
436 220
437 220
438 221
439 221
440 222
441 222
442 223
443 223
444 224
445 224
446 225
447 225
448 226
449 226
450 227
451 228
452 228
453 229
454 229
455 230
456 231
457 231
458 232
459 232
460 233
461 234
462 234
463 235
464 236
465 236
466 237
467 237
468 238
469 239
470 239
471 240
472 240
473 241
474 242
475 242
476 243
477 243
478 244
479 245
480 245
481 246
482 247
483 247
484 247
485 248
486 248
487 249
488 249
489 249
490 250
491 250
492 251
493 251
494 252
495 252
496 252
497 253
498 253
499 254
500 254
501 255
502 255
503 255
504 256
505 256
506 257
507 257
508 258
509 258
510 258
511 259
512 259
513 260
514 260
515 261
516 261
517 261
518 262
519 262
520 263
521 263
522 264
523 264
524 264
525 265
526 265
527 266
528 266
529 267
530 267
531 267
532 268
533 268
534 269
535 269
536 270
537 270
538 270
539 271
540 271
541 272
542 272
543 273
544 273
545 273
546 274
547 274
548 275
549 275
550 276
551 276
552 277
553 277
554 278
555 278
556 279
557 280
558 280
559 281
560 281
561 282
562 282
563 283
564 284
565 284
566 285
567 285
568 286
569 286
570 287
571 288
572 288
573 289
574 289
575 290
576 290
577 291
578 292
579 292
580 293
581 293
582 294
583 294
584 295
585 296
586 296
587 297
588 297
589 298
590 298
591 299
592 300
593 300
594 301
595 301
596 302
597 302
598 303
599 304
600 304
601 304
602 305
603 305
604 306
605 306
606 307
607 307
608 307
609 308
610 308
611 309
612 309
613 310
614 310
615 310
616 311
617 311
618 312
619 312
620 313
621 313
622 313
623 314
624 314
625 315
626 315
627 316
628 316
629 316
630 317
631 317
632 318
633 318
634 319
635 319
636 319
637 320
638 320
639 321
640 321
641 322
642 322
643 322
644 323
645 323
646 324
647 324
648 325
649 325
650 325
651 326
652 326
653 327
654 327
655 328
656 328
657 329
658 329
659 329
660 330
661 330
662 330
663 331
664 331
665 331
666 332
667 332
668 332
669 333
670 333
671 334
672 334
673 334
674 335
675 335
676 335
677 336
678 336
679 336
680 337
681 337
682 338
683 338
684 338
685 339
686 339
687 339
688 340
689 340
690 340
691 341
692 341
693 342
694 342
695 342
696 343
697 343
698 343
699 344
700 344
701 344
702 345
703 345
704 346
705 346
706 346
707 347
708 347
709 347
710 348
711 348
712 348
713 349
714 349
715 350
716 350
717 351
718 352
719 353
720 354
721 355
722 355
723 356
724 357
725 358
726 359
727 360
728 360
729 361
730 362
731 363
732 364
733 365
734 365
735 366
736 367
737 368
738 369
739 370
740 370
741 371
742 372
743 373
744 374
745 375
746 376
747 376
748 376
749 377
750 377
751 377
752 378
753 378
754 379
755 379
756 379
757 380
758 380
759 381
760 381
761 381
762 382
763 382
764 382
765 383
766 383
767 384
768 384
769 384
770 385
771 385
772 386
773 386
774 386
775 387
776 387
777 387
778 388
779 388
780 389
781 389
782 389
783 390
784 390
785 391
786 391
787 391
788 392
789 392
790 392
791 393
792 393
793 394
794 394
795 394
796 395
797 395
798 396
799 396
800 396
801 397
802 397
803 397
804 398
805 398
806 399
807 399
808 399
809 400
810 400
811 401
812 401
813 401
814 402
815 402
816 402
817 403
818 403
819 404
820 404
821 404
822 405
823 405
824 406
825 406
826 406
827 407
828 407
829 407
830 408
831 408
832 409
833 409
834 409
835 410
836 410
837 411
838 411
839 411
840 412
841 412
842 412
843 413
844 413
845 414
846 414
847 414
848 415
849 415
850 416
851 416
852 416
853 417
854 417
855 417
856 418
857 418
858 419
859 419
860 419
861 420
862 420
863 421
864 421
865 422
866 423
867 423
868 424
869 425
870 425
871 426
872 427
873 427
874 428
875 429
876 429
877 430
878 431
879 432
880 432
881 433
882 434
883 434
884 435
885 436
886 436
887 437
888 438
889 438
890 439
891 440
892 441
893 441
894 442
895 443
896 443
897 444
898 445
899 445
900 446
901 447
902 447
903 448
904 449
905 450
906 450
907 451
908 452
909 452
910 453
911 454
912 454
913 455
914 456
915 456
916 457
917 458
918 459
919 459
920 460
921 460
922 461
923 462
924 462
925 463
926 464
927 464
928 465
929 466
930 466
931 467
932 468
933 468
934 469
935 470
936 470
937 471
938 472
939 472
940 473
941 474
942 474
943 475
944 476
945 476
946 477
947 477
948 478
949 479
950 479
951 480
952 481
953 481
954 482
955 483
956 483
957 484
958 485
959 485
960 486
961 487
962 487
963 488
964 489
965 489
966 490
967 491
968 491
969 492
970 493
971 493
972 493
973 493
974 493
975 494
976 494
977 494
978 494
979 494
980 495
981 495
982 495
983 495
984 496
985 496
986 496
987 496
988 496
989 497
990 497
991 497
992 497
993 498
994 498
995 498
996 498
997 498
998 499
999 499
1000 499
1001 499
1002 499
1003 500
1004 500
1005 500
1006 500
1007 501
1008 501
1009 501
1010 501
1011 501
1012 502
1013 502
1014 502
1015 502
1016 503
1017 503
1018 503
1019 503
1020 503
1021 504
1022 504
1023 504
1024 504
1025 504
1026 505
1027 505
1028 505
1029 505
1030 506
1031 506
1032 506
1033 506
1034 506
1035 507
1036 507
1037 507
1038 507
1039 508
1040 508
1041 508
1042 508
1043 508
1044 509
1045 509
1046 509
1047 509
1048 509
1049 510
1050 510
1051 510
1052 510
1053 511
1054 511
1055 511
1056 511
1057 511
1058 512
1059 512
1060 512
1061 512
1062 513
1063 513
1064 514
1065 515
1066 516
1067 517
1068 517
1069 518
1070 519
1071 520
1072 521
1073 522
1074 522
1075 523
1076 524
1077 525
1078 526
1079 526
1080 527
1081 528
1082 529
1083 530
1084 531
1085 531
1086 532
1087 533
1088 534
1089 535
1090 536
1091 536
1092 537
1093 538
1094 539
1095 540
1096 540
1097 541
1098 542
1099 543
1100 544
1101 545
1102 545
1103 546
1104 547
1105 548
1106 549
1107 550
1108 550
1109 550
1110 551
1111 551
1112 551
1113 552
1114 552
1115 552
1116 553
1117 553
1118 553
1119 554
1120 554
1121 554
1122 555
1123 555
1124 555
1125 556
1126 556
1127 556
1128 557
1129 557
1130 557
1131 558
1132 558
1133 558
1134 559
1135 559
1136 559
1137 560
1138 560
1139 560
1140 561
1141 561
1142 561
1143 562
1144 562
1145 562
1146 563
1147 563
1148 563
1149 564
1150 564
1151 564
1152 565
1153 565
1154 565
1155 566
1156 566
1157 566
1158 567
1159 567
1160 567
1161 568
1162 568
1163 568
1164 569
1165 569
1166 569
1167 570
1168 570
1169 570
1170 571
1171 571
1172 571
1173 572
1174 572
1175 572
1176 573
1177 573
1178 573
1179 574
1180 574
1181 574
1182 575
1183 575
1184 575
1185 576
1186 576
1187 576
1188 577
1189 577
1190 577
1191 578
1192 578
1193 578
1194 579
1195 579
1196 579
1197 580
1198 580
1199 580
1200 581
1201 581
1202 581
1203 582
1204 582
1205 582
1206 583
1207 583
1208 583
1209 584
1210 584
1211 584
1212 585
1213 585
1214 585
1215 586
1216 586
1217 586
1218 587
1219 588
1220 589
1221 591
1222 592
1223 593
1224 595
1225 596
1226 597
1227 599
1228 600
1229 602
1230 603
1231 604
1232 606
1233 607
1234 608
1235 610
1236 611
1237 612
1238 614
1239 615
1240 617
1241 618
1242 619
1243 621
1244 622
1245 623
1246 625
1247 626
1248 628
1249 629
1250 630
1251 632
1252 633
1253 634
1254 636
1255 637
1256 638
1257 640
1258 641
1259 643
1260 644
1261 645
1262 647
1263 648
1264 649
1265 651
1266 652
1267 654
1268 655
1269 656
1270 658
1271 659
1272 660
1273 662
1274 663
1275 664
1276 666
1277 667
1278 669
1279 670
1280 671
1281 673
1282 674
1283 675
1284 677
1285 678
1286 680
1287 680
1288 681
1289 682
1290 683
1291 684
1292 685
1293 686
1294 687
1295 688
1296 689
1297 690
1298 691
1299 692
1300 693
1301 694
1302 695
1303 696
1304 697
1305 698
1306 699
1307 700
1308 701
1309 702
1310 703
1311 704
1312 705
1313 706
1314 707
1315 708
1316 709
1317 710
1318 711
1319 712
1320 713
1321 714
1322 715
1323 716
1324 717
1325 718
1326 719
1327 720
1328 721
1329 722
1330 723
1331 724
1332 725
1333 726
1334 727
1335 727
1336 728
1337 729
1338 730
1339 731
1340 732
1341 733
1342 734
1343 735
1344 736
1345 737
1346 738
1347 739
1348 740
1349 741
1350 742
1351 743
1352 744
1353 745
1354 746
1355 747
1356 748
1357 749
1358 750
1359 751
1360 752
1361 753
1362 754
1363 755
1364 756
1365 757
1366 758
1367 759
1368 760
1369 761
1370 762
1371 763
1372 764
1373 765
1374 766
1375 767
1376 768
1377 769
1378 770
1379 771
1380 772
1381 773
1382 774
1383 775
1384 776
1385 777
1386 778
1387 779
1388 780
1389 781
1390 782
1391 783
1392 784
1393 786
1394 787
1395 788
1396 789
1397 790
1398 791
1399 792
1400 793
1401 794
1402 795
1403 797
1404 798
1405 799
1406 800
1407 801
1408 802
1409 803
1410 804
1411 805
1412 806
1413 808
1414 809
1415 810
1416 811
1417 812
1418 813
1419 814
1420 815
1421 816
1422 817
1423 819
1424 820
1425 821
1426 822
1427 823
1428 824
1429 825
1430 826
1431 827
1432 828
1433 830
1434 831
1435 832
1436 833
1437 834
1438 835
1439 836
1440 837
1441 838
1442 839
1443 841
1444 842
1445 843
1446 844
1447 845
1448 846
1449 847
1450 848
1451 849
1452 850
1453 852
1454 853
1455 854
1456 855
1457 856
1458 857
1459 858
1460 859
1461 860
1462 862
1463 863
1464 864
1465 865
1466 866
1467 867
1468 868
1469 869
1470 871
1471 872
1472 873
1473 874
1474 875
1475 876
1476 877
1477 879
1478 880
1479 881
1480 882
1481 883
1482 884
1483 885
1484 886
1485 888
1486 889
1487 890
1488 891
1489 892
1490 893
1491 894
1492 896
1493 897
1494 898
1495 899
1496 900
1497 901
1498 902
1499 904
1500 905
1501 906
1502 907
1503 908
1504 909
1505 910
1506 911
1507 913
1508 914
1509 915
1510 916
1511 917
1512 918
1513 919
1514 921
1515 922
1516 923
1517 924
1518 925
1519 926
1520 927
1521 929
1522 930
1523 931
1524 932
1525 933
1526 934
1527 935
1528 936
1529 938
1530 939
1531 940
1532 941
1533 942
1534 943
1535 944
1536 946
1537 947
1538 948
1539 949
1540 950
1541 951
1542 952
1543 954
1544 954
1545 955
1546 956
1547 957
1548 958
1549 958
1550 959
1551 960
1552 961
1553 962
1554 962
1555 963
1556 964
1557 965
1558 966
1559 967
1560 967
1561 968
1562 969
1563 970
1564 971
1565 971
1566 972
1567 973
1568 974
1569 975
1570 976
1571 976
1572 977
1573 978
1574 979
1575 980
1576 980
1577 981
1578 982
1579 983
1580 984
1581 985
1582 985
1583 986
1584 987
1585 988
1586 989
1587 989
1588 990
1589 991
1590 992
1591 993
1592 994
1593 994
1594 995
1595 996
1596 997
1597 998
1598 998
1599 999
1600 1000
1601 1001
1602 1002
1603 1003
1604 1003
1605 1004
1606 1005
1607 1006
1608 1007
1609 1007
1610 1008
1611 1009
1612 1010
1613 1011
1614 1012
1615 1012
1616 1013
1617 1014
1618 1015
1619 1016
1620 1016
1621 1017
1622 1018
1623 1019
1624 1020
1625 1021
1626 1021
1627 1022
1628 1023
1629 1024
1630 1025
1631 1025
1632 1026
1633 1027
1634 1028
1635 1029
1636 1030
1637 1030
1638 1031
1639 1032
1640 1033
1641 1034
1642 1035
1643 1036
1644 1037
1645 1037
1646 1038
1647 1039
1648 1040
1649 1041
1650 1042
1651 1043
1652 1044
1653 1045
1654 1045
1655 1046
1656 1047
1657 1048
1658 1049
1659 1050
1660 1051
1661 1052
1662 1053
1663 1053
1664 1054
1665 1055
1666 1056
1667 1057
1668 1058
1669 1059
1670 1060
1671 1061
1672 1061
1673 1062
1674 1063
1675 1064
1676 1065
1677 1066
1678 1067
1679 1068
1680 1069
1681 1069
1682 1070
1683 1071
1684 1072
1685 1073
1686 1074
1687 1075
1688 1076
1689 1077
1690 1077
1691 1078
1692 1079
1693 1080
1694 1081
1695 1082
1696 1083
1697 1084
1698 1085
1699 1085
1700 1086
1701 1087
1702 1088
1703 1089
1704 1090
1705 1091
1706 1092
1707 1093
1708 1093
1709 1094
1710 1095
1711 1096
1712 1097
1713 1098
1714 1099
1715 1099
1716 1100
1717 1101
1718 1102
1719 1103
1720 1104
1721 1105
1722 1106
1723 1106
1724 1107
1725 1108
1726 1109
1727 1110
1728 1111
1729 1112
1730 1113
1731 1113
1732 1114
1733 1115
1734 1116
1735 1117
1736 1118
1737 1119
1738 1120
1739 1120
1740 1121
1741 1122
1742 1123
1743 1124
1744 1125
1745 1126
1746 1127
1747 1127
1748 1128
1749 1129
1750 1130
1751 1131
1752 1132
1753 1133
1754 1134
1755 1135
1756 1136
1757 1137
1758 1139
1759 1140
1760 1141
1761 1142
1762 1144
1763 1145
1764 1146
1765 1147
1766 1149
1767 1150
1768 1151
1769 1152
1770 1154
1771 1155
1772 1156
1773 1157
1774 1159
1775 1160
1776 1161
1777 1162
1778 1164
1779 1165
1780 1166
1781 1167
1782 1169
1783 1170
1784 1171
1785 1172
1786 1174
1787 1175
1788 1176
1789 1177
1790 1179
1791 1180
1792 1181
1793 1182
1794 1184
1795 1185
1796 1186
1797 1187
1798 1189
1799 1190
1800 1191
1801 1192
1802 1194
1803 1195
1804 1196
1805 1197
1806 1199
1807 1200
1808 1201
1809 1202
1810 1204
1811 1205
1812 1206
1813 1207
1814 1209
1815 1210
1816 1211
1817 1212
1818 1214
1819 1215
1820 1216
1821 1217
1822 1219
1823 1220
1824 1221
1825 1222
1826 1223
1827 1224
1828 1225
1829 1226
1830 1228
1831 1229
1832 1230
1833 1231
1834 1232
1835 1233
1836 1234
1837 1235
1838 1237
1839 1238
1840 1239
1841 1240
1842 1241
1843 1242
1844 1243
1845 1245
1846 1246
1847 1247
1848 1248
1849 1249
1850 1250
1851 1251
1852 1252
1853 1254
1854 1255
1855 1256
1856 1257
1857 1258
1858 1259
1859 1260
1860 1262
1861 1263
1862 1264
1863 1265
1864 1266
1865 1267
1866 1268
1867 1269
1868 1271
1869 1272
1870 1273
1871 1274
1872 1275
1873 1276
1874 1277
1875 1279
1876 1280
1877 1281
1878 1282
1879 1283
1880 1284
1881 1285
1882 1286
1883 1288
1884 1289
1885 1290
1886 1291
1887 1292
1888 1293
1889 1294
1890 1296
1891 1297
1892 1298
1893 1299
1894 1300
1895 1301
1896 1302
1897 1303
1898 1305
1899 1306
1900 1307
1901 1308
1902 1309
1903 1310
1904 1311
1905 1313
1906 1314
1907 1315
1908 1316
1909 1317
1910 1318
1911 1319
1912 1320
1913 1322
1914 1323
1915 1324
1916 1325
1917 1326
1918 1327
1919 1328
1920 1329
1921 1331
1922 1332
1923 1333
1924 1334
1925 1335
1926 1336
1927 1337
1928 1339
1929 1340
1930 1341
1931 1342
1932 1343
1933 1344
1934 1345
1935 1346
1936 1348
1937 1349
1938 1350
1939 1351
1940 1352
1941 1353
1942 1354
1943 1356
1944 1357
1945 1358
1946 1359
1947 1360
1948 1361
1949 1362
1950 1363
1951 1365
1952 1366
1953 1367
1954 1368
1955 1369
1956 1370
1957 1371
1958 1373
1959 1374
1960 1375
1961 1376
1962 1377
1963 1378
1964 1379
1965 1380
1966 1382
1967 1383
1968 1384
1969 1385
1970 1386
1971 1387
1972 1388
1973 1390
1974 1391
1975 1392
1976 1393
1977 1394
1978 1395
1979 1396
1980 1397
1981 1399
1982 1400
1983 1401
1984 1402
1985 1403
1986 1404
1987 1405
1988 1407
1989 1408
1990 1410
1991 1412
1992 1413
1993 1415
1994 1417
1995 1419
1996 1420
1997 1422
1998 1424
1999 1425
2000 1427
2001 1429
2002 1431
2003 1432
2004 1434
2005 1436
2006 1437
2007 1439
2008 1441
2009 1443
2010 1444
2011 1446
2012 1448
2013 1449
2014 1451
2015 1453
2016 1455
2017 1456
2018 1458
2019 1460
2020 1461
2021 1463
2022 1465
2023 1467
2024 1468
2025 1470
2026 1472
2027 1473
2028 1475
2029 1477
2030 1479
2031 1480
2032 1482
2033 1484
2034 1485
2035 1487
2036 1489
2037 1491
2038 1492
2039 1494
2040 1496
2041 1497
2042 1499
2043 1501
2044 1503
2045 1504
2046 1506
2047 1508
2048 1509
2049 1511
2050 1513
2051 1515
2052 1516
2053 1518
2054 1520
2055 1521
2056 1523
2057 1525
2058 1527
2059 1528
2060 1530
2061 1532
2062 1533
2063 1535
2064 1537
2065 1539
2066 1539
2067 1539
2068 1540
2069 1540
2070 1540
2071 1541
2072 1541
2073 1542
2074 1542
2075 1542
2076 1543
2077 1543
2078 1543
2079 1544
2080 1544
2081 1545
2082 1545
2083 1545
2084 1546
2085 1546
2086 1546
2087 1547
2088 1547
2089 1548
2090 1548
2091 1548
2092 1549
2093 1549
2094 1549
2095 1550
2096 1550
2097 1551
2098 1551
2099 1551
2100 1552
2101 1552
2102 1553
2103 1553
2104 1553
2105 1554
2106 1554
2107 1554
2108 1555
2109 1555
2110 1556
2111 1556
2112 1556
2113 1557
2114 1557
2115 1557
2116 1558
2117 1558
2118 1559
2119 1559
2120 1559
2121 1560
2122 1560
2123 1560
2124 1561
2125 1561
2126 1562
2127 1562
2128 1562
2129 1563
2130 1563
2131 1564
2132 1564
2133 1564
2134 1565
2135 1565
2136 1565
2137 1566
2138 1566
2139 1567
2140 1567
2141 1567
2142 1568
2143 1568
2144 1568
2145 1569
2146 1569
2147 1570
2148 1570
2149 1570
2150 1571
2151 1571
2152 1571
2153 1572
2154 1572
2155 1573
2156 1573
2157 1573
2158 1574
2159 1574
2160 1575
2161 1575
2162 1575
2163 1576
2164 1576
2165 1576
2166 1577
2167 1577
2168 1578
2169 1578
2170 1578
2171 1579
2172 1579
2173 1579
2174 1580
2175 1580
2176 1581
2177 1581
2178 1581
2179 1582
2180 1582
2181 1582
2182 1583
2183 1583
2184 1584
2185 1584
2186 1584
2187 1585
2188 1585
2189 1586
2190 1588
2191 1590
2192 1592
2193 1595
2194 1597
2195 1599
2196 1602
2197 1604
2198 1606
2199 1608
2200 1611
2201 1613
2202 1615
2203 1618
2204 1620
2205 1622
2206 1624
2207 1627
2208 1629
2209 1631
2210 1634
2211 1635
2212 1637
2213 1638
2214 1640
2215 1642
2216 1643
2217 1645
2218 1646
2219 1648
2220 1650
2221 1651
2222 1653
2223 1655
2224 1656
2225 1658
2226 1659
2227 1661
2228 1663
2229 1664
2230 1666
2231 1667
2232 1669
2233 1671
2234 1672
2235 1674
2236 1676
2237 1677
2238 1679
2239 1680
2240 1682
2241 1684
2242 1685
2243 1687
2244 1688
2245 1690
2246 1692
2247 1693
2248 1695
2249 1697
2250 1698
2251 1700
2252 1701
2253 1703
2254 1705
2255 1706
2256 1708
2257 1709
2258 1711
2259 1713
2260 1714
2261 1716
2262 1718
2263 1719
2264 1721
2265 1722
2266 1724
2267 1726
2268 1727
2269 1729
2270 1731
2271 1731
2272 1732
2273 1733
2274 1734
2275 1735
2276 1735
2277 1736
2278 1737
2279 1738
2280 1739
2281 1740
2282 1740
2283 1741
2284 1742
2285 1743
2286 1744
2287 1744
2288 1745
2289 1746
2290 1747
2291 1748
2292 1749
2293 1749
2294 1750
2295 1751
2296 1752
2297 1753
2298 1753
2299 1754
2300 1755
2301 1756
2302 1757
2303 1758
2304 1758
2305 1759
2306 1760
2307 1761
2308 1762
2309 1762
2310 1763
2311 1764
2312 1765
2313 1766
2314 1767
2315 1767
2316 1768
2317 1769
2318 1770
2319 1771
2320 1772
2321 1772
2322 1773
2323 1774
2324 1775
2325 1776
2326 1776
2327 1777
2328 1778
2329 1779
2330 1780
2331 1781
2332 1781
2333 1782
2334 1783
2335 1784
2336 1785
2337 1785
2338 1786
2339 1787
2340 1788
2341 1789
2342 1790
2343 1790
2344 1791
2345 1792
2346 1793
2347 1794
2348 1794
2349 1795
2350 1796
2351 1797
2352 1798
2353 1799
2354 1799
2355 1800
2356 1801
2357 1802
2358 1803
2359 1803
2360 1804
2361 1805
2362 1806
2363 1807
2364 1808
2365 1808
2366 1809
2367 1810
2368 1811
2369 1812
2370 1813
2371 1813
2372 1814
2373 1815
2374 1816
2375 1817
2376 1817
2377 1818
2378 1819
2379 1820
2380 1821
2381 1822
2382 1822
2383 1823
2384 1824
2385 1825
2386 1826
2387 1826
2388 1827
2389 1828
2390 1829
2391 1830
2392 1831
2393 1831
2394 1832
2395 1833
2396 1834
2397 1835
2398 1835
2399 1836
2400 1837
2401 1838
2402 1839
2403 1840
2404 1840
2405 1841
2406 1842
2407 1843
2408 1844
2409 1845
2410 1845
2411 1846
2412 1847
2413 1848
2414 1849
2415 1850
2416 1851
2417 1852
2418 1853
2419 1853
2420 1854
2421 1855
2422 1856
2423 1857
2424 1858
2425 1859
2426 1860
2427 1861
2428 1861
2429 1862
2430 1863
2431 1864
2432 1865
2433 1866
2434 1867
2435 1868
2436 1869
2437 1870
2438 1870
2439 1871
2440 1872
2441 1873
2442 1874
2443 1875
2444 1876
2445 1877
2446 1878
2447 1878
2448 1879
2449 1880
2450 1881
2451 1882
2452 1883
2453 1884
2454 1885
2455 1886
2456 1886
2457 1887
2458 1888
2459 1889
2460 1890
2461 1891
2462 1892
2463 1893
2464 1894
2465 1895
2466 1895
2467 1896
2468 1897
2469 1898
2470 1899
2471 1900
2472 1901
2473 1902
2474 1903
2475 1903
2476 1904
2477 1905
2478 1906
2479 1907
2480 1908
2481 1909
2482 1910
2483 1911
2484 1912
2485 1912
2486 1913
2487 1914
2488 1915
2489 1916
2490 1917
2491 1918
2492 1919
2493 1920
2494 1920
2495 1921
2496 1922
2497 1923
2498 1924
2499 1925
2500 1926
2501 1927
2502 1928
2503 1928
2504 1929
2505 1930
2506 1931
2507 1932
2508 1933
2509 1934
2510 1935
2511 1936
2512 1937
2513 1937
2514 1938
2515 1939
2516 1940
2517 1941
2518 1942
2519 1943
2520 1944
2521 1945
2522 1945
2523 1946
2524 1947
2525 1948
2526 1949
2527 1950
2528 1951
2529 1952
2530 1953
2531 1953
2532 1954
2533 1955
2534 1956
2535 1957
2536 1958
2537 1959
2538 1960
2539 1961
2540 1962
2541 1962
2542 1963
2543 1964
2544 1965
2545 1966
2546 1967
2547 1968
2548 1969
2549 1970
2550 1970
2551 1971
2552 1972
2553 1973
2554 1974
2555 1975
2556 1976
2557 1977
2558 1978
2559 1979
2560 1980
2561 1981
2562 1982
2563 1983
2564 1984
2565 1985
2566 1986
2567 1987
2568 1988
2569 1989
2570 1990
2571 1991
2572 1992
2573 1993
2574 1994
2575 1995
2576 1996
2577 1997
2578 1998
2579 1999
2580 2000
2581 2001
2582 2002
2583 2003
2584 2004
2585 2005
2586 2006
2587 2007
2588 2008
2589 2010
2590 2011
2591 2012
2592 2013
2593 2014
2594 2015
2595 2016
2596 2017
2597 2018
2598 2019
2599 2020
2600 2021
2601 2022
2602 2023
2603 2024
2604 2025
2605 2026
2606 2027
2607 2028
2608 2029
2609 2030
2610 2031
2611 2032
2612 2033
2613 2034
2614 2035
2615 2036
2616 2037
2617 2038
2618 2040
2619 2041
2620 2042
2621 2043
2622 2044
2623 2045
2624 2046
2625 2047
2626 2048
2627 2049
2628 2050
2629 2051
2630 2052
2631 2053
2632 2054
2633 2055
2634 2056
2635 2057
2636 2058
2637 2059
2638 2060
2639 2061
2640 2062
2641 2063
2642 2064
2643 2065
2644 2066
2645 2067
2646 2068
2647 2070
2648 2071
2649 2072
2650 2073
2651 2074
2652 2075
2653 2076
2654 2077
2655 2078
2656 2079
2657 2080
2658 2081
2659 2082
2660 2083
2661 2084
2662 2085
2663 2086
2664 2087
2665 2088
2666 2089
2667 2090
2668 2091
2669 2092
2670 2093
2671 2094
2672 2095
2673 2096
2674 2097
2675 2098
2676 2100
2677 2101
2678 2102
2679 2103
2680 2104
2681 2105
2682 2106
2683 2107
2684 2108
2685 2109
2686 2110
2687 2111
2688 2112
2689 2113
2690 2114
2691 2115
2692 2116
2693 2117
2694 2118
2695 2119
2696 2120
2697 2121
2698 2122
2699 2123
2700 2124
2701 2125
2702 2126
2703 2127
2704 2128
2705 2130
2706 2131
2707 2132
2708 2133
2709 2134
2710 2135
2711 2136
2712 2137
2713 2138
2714 2139
2715 2140
2716 2141
2717 2142
2718 2143
2719 2144
2720 2145
2721 2146
2722 2147
2723 2148
2724 2149
2725 2150
2726 2151
2727 2152
2728 2153
2729 2154
2730 2155
2731 2156
2732 2157
2733 2158
2734 2160
2735 2161
2736 2162
2737 2163
2738 2164
2739 2165
2740 2166
2741 2167
2742 2168
2743 2169
2744 2170
2745 2171
2746 2172
2747 2173
2748 2174
2749 2175
2750 2176
2751 2177
2752 2178
2753 2179
2754 2180
2755 2181
2756 2182
2757 2183
2758 2184
2759 2185
2760 2186
2761 2187
2762 2188
2763 2190
2764 2190
2765 2191
2766 2192
2767 2193
2768 2194
2769 2195
2770 2196
2771 2197
2772 2198
2773 2199
2774 2200
2775 2201
2776 2202
2777 2203
2778 2204
2779 2205
2780 2206
2781 2207
2782 2208
2783 2209
2784 2210
2785 2211
2786 2212
2787 2213
2788 2214
2789 2215
2790 2216
2791 2217
2792 2217
2793 2218
2794 2219
2795 2220
2796 2221
2797 2222
2798 2223
2799 2224
2800 2225
2801 2226
2802 2227
2803 2228
2804 2229
2805 2230
2806 2231
2807 2232
2808 2233
2809 2234
2810 2235
2811 2236
2812 2237
2813 2238
2814 2239
2815 2240
2816 2241
2817 2242
2818 2243
2819 2244
2820 2244
2821 2245
2822 2246
2823 2247
2824 2248
2825 2249
2826 2250
2827 2251
2828 2252
2829 2253
2830 2254
2831 2255
2832 2256
2833 2257
2834 2258
2835 2259
2836 2260
2837 2261
2838 2262
2839 2263
2840 2264
2841 2265
2842 2266
2843 2267
2844 2268
2845 2269
2846 2270
2847 2271
2848 2271
2849 2272
2850 2273
2851 2274
2852 2275
2853 2276
2854 2277
2855 2278
2856 2279
2857 2280
2858 2281
2859 2282
2860 2283
2861 2284
2862 2285
2863 2286
2864 2287
2865 2288
2866 2289
2867 2290
2868 2291
2869 2292
2870 2293
2871 2294
2872 2295
2873 2296
2874 2297
2875 2298
2876 2299
2877 2300
2878 2301
2879 2302
2880 2303
2881 2304
2882 2305
2883 2306
2884 2307
2885 2308
2886 2309
2887 2310
2888 2311
2889 2312
2890 2313
2891 2314
2892 2316
2893 2317
2894 2318
2895 2319
2896 2320
2897 2321
2898 2322
2899 2323
2900 2324
2901 2325
2902 2326
2903 2327
2904 2328
2905 2329
2906 2330
2907 2331
2908 2333
2909 2334
2910 2335
2911 2336
2912 2337
2913 2338
2914 2339
2915 2340
2916 2341
2917 2342
2918 2343
2919 2344
2920 2345
2921 2346
2922 2347
2923 2348
2924 2350
2925 2351
2926 2352
2927 2353
2928 2354
2929 2355
2930 2356
2931 2357
2932 2358
2933 2359
2934 2360
2935 2361
2936 2362
2937 2363
2938 2364
2939 2366
2940 2367
2941 2368
2942 2369
2943 2370
2944 2371
2945 2372
2946 2373
2947 2374
2948 2375
2949 2376
2950 2377
2951 2378
2952 2379
2953 2380
2954 2381
2955 2383
2956 2384
2957 2385
2958 2386
2959 2387
2960 2388
2961 2389
2962 2390
2963 2391
2964 2392
2965 2393
2966 2394
2967 2395
2968 2396
2969 2397
2970 2398
2971 2400
2972 2401
2973 2402
2974 2403
2975 2404
2976 2405
2977 2406
2978 2407
2979 2408
2980 2409
2981 2410
2982 2411
2983 2412
2984 2413
2985 2414
2986 2415
2987 2417
2988 2418
2989 2419
2990 2420
2991 2421
2992 2422
2993 2423
2994 2424
2995 2425
2996 2426
2997 2427
2998 2428
2999 2429
3000 2430
3001 2431
3002 2433
3003 2434
3004 2435
3005 2436
3006 2437
3007 2438
3008 2439
3009 2440
3010 2442
3011 2443
3012 2444
3013 2445
3014 2446
3015 2447
3016 2448
3017 2450
3018 2451
3019 2452
3020 2453
3021 2454
3022 2455
3023 2456
3024 2457
3025 2459
3026 2460
3027 2461
3028 2462
3029 2463
3030 2464
3031 2465
3032 2467
3033 2468
3034 2469
3035 2470
3036 2471
3037 2472
3038 2473
3039 2475
3040 2476
3041 2477
3042 2478
3043 2479
3044 2480
3045 2481
3046 2482
3047 2484
3048 2485
3049 2486
3050 2487
3051 2488
3052 2489
3053 2490
3054 2492
3055 2493
3056 2494
3057 2495
3058 2496
3059 2497
3060 2498
3061 2500
3062 2501
3063 2502
3064 2503
3065 2504
3066 2505
3067 2506
3068 2507
3069 2509
3070 2510
3071 2511
3072 2512
3073 2513
3074 2514
3075 2515
3076 2517
3077 2518
3078 2519
3079 2520
3080 2521
3081 2522
3082 2523
3083 2525
3084 2526
3085 2527
3086 2528
3087 2529
3088 2530
3089 2531
3090 2532
3091 2534
3092 2535
3093 2536
3094 2537
3095 2538
3096 2539
3097 2540
3098 2542
3099 2543
3100 2544
3101 2545
3102 2546
3103 2547
3104 2548
3105 2550
3106 2551
3107 2552
3108 2553
3109 2554
3110 2555
3111 2556
3112 2557
3113 2559
3114 2560
3115 2561
3116 2562
3117 2563
3118 2564
3119 2565
3120 2567
3121 2568
3122 2569
3123 2570
3124 2571
3125 2572
3126 2573
3127 2575
3128 2576
3129 2577
3130 2578
3131 2579
3132 2580
3133 2581
3134 2582
3135 2583
3136 2584
3137 2585
3138 2586
3139 2587
3140 2588
3141 2589
3142 2590
3143 2591
3144 2592
3145 2593
3146 2594
3147 2595
3148 2596
3149 2597
3150 2598
3151 2599
3152 2600
3153 2601
3154 2602
3155 2603
3156 2604
3157 2605
3158 2606
3159 2607
3160 2608
3161 2609
3162 2610
3163 2611
3164 2612
3165 2613
3166 2614
3167 2615
3168 2616
3169 2617
3170 2618
3171 2619
3172 2620
3173 2621
3174 2622
3175 2623
3176 2624
3177 2625
3178 2626
3179 2627
3180 2628
3181 2629
3182 2630
3183 2631
3184 2632
3185 2633
3186 2634
3187 2635
3188 2636
3189 2637
3190 2638
3191 2639
3192 2640
3193 2641
3194 2642
3195 2643
3196 2644
3197 2645
3198 2646
3199 2647
3200 2648
3201 2649
3202 2650
3203 2651
3204 2652
3205 2653
3206 2654
3207 2655
3208 2656
3209 2657
3210 2658
3211 2659
3212 2660
3213 2661
3214 2662
3215 2663
3216 2664
3217 2665
3218 2666
3219 2667
3220 2668
3221 2669
3222 2670
3223 2671
3224 2672
3225 2673
3226 2674
3227 2675
3228 2676
3229 2677
3230 2678
3231 2679
3232 2680
3233 2681
3234 2682
3235 2683
3236 2684
3237 2685
3238 2686
3239 2687
3240 2688
3241 2689
3242 2690
3243 2691
3244 2692
3245 2693
3246 2694
3247 2695
3248 2696
3249 2697
3250 2698
3251 2699
3252 2700
3253 2701
3254 2702
3255 2703
3256 2704
3257 2705
3258 2706
3259 2707
3260 2708
3261 2709
3262 2710
3263 2711
3264 2712
3265 2713
3266 2714
3267 2715
3268 2716
3269 2717
3270 2718
3271 2719
3272 2720
3273 2721
3274 2722
3275 2723
3276 2724
3277 2725
3278 2726
3279 2727
3280 2728
3281 2729
3282 2730
3283 2731
3284 2732
3285 2734
3286 2734
3287 2735
3288 2736
3289 2737
3290 2738
3291 2739
3292 2739
3293 2740
3294 2741
3295 2742
3296 2743
3297 2744
3298 2744
3299 2745
3300 2746
3301 2747
3302 2748
3303 2749
3304 2749
3305 2750
3306 2751
3307 2752
3308 2753
3309 2754
3310 2754
3311 2755
3312 2756
3313 2757
3314 2758
3315 2759
3316 2760
3317 2760
3318 2761
3319 2762
3320 2763
3321 2764
3322 2765
3323 2765
3324 2766
3325 2767
3326 2768
3327 2769
3328 2770
3329 2770
3330 2771
3331 2772
3332 2773
3333 2774
3334 2775
3335 2775
3336 2776
3337 2777
3338 2778
3339 2779
3340 2780
3341 2781
3342 2781
3343 2782
3344 2783
3345 2784
3346 2785
3347 2786
3348 2786
3349 2787
3350 2788
3351 2789
3352 2790
3353 2791
3354 2791
3355 2792
3356 2793
3357 2794
3358 2795
3359 2796
3360 2796
3361 2797
3362 2798
3363 2799
3364 2800
3365 2801
3366 2802
3367 2802
3368 2803
3369 2804
3370 2805
3371 2806
3372 2807
3373 2807
3374 2808
3375 2809
3376 2810
3377 2811
3378 2812
3379 2812
3380 2813
3381 2814
3382 2815
3383 2816
3384 2817
3385 2817
3386 2818
3387 2819
3388 2820
3389 2821
3390 2822
3391 2823
3392 2823
3393 2824
3394 2825
3395 2826
3396 2827
3397 2828
3398 2828
3399 2829
3400 2830
3401 2831
3402 2832
3403 2833
3404 2833
3405 2834
3406 2835
3407 2836
3408 2837
3409 2838
3410 2838
3411 2839
3412 2840
3413 2841
3414 2842
3415 2843
3416 2844
3417 2844
3418 2845
3419 2846
3420 2847
3421 2848
3422 2849
3423 2849
3424 2850
3425 2851
3426 2852
3427 2853
3428 2854
3429 2854
3430 2855
3431 2856
3432 2857
3433 2858
3434 2859
3435 2859
3436 2860
3437 2861
3438 2862
3439 2863
3440 2864
3441 2865
3442 2865
3443 2866
3444 2867
3445 2868
3446 2869
3447 2870
3448 2870
3449 2871
3450 2872
3451 2873
3452 2874
3453 2875
3454 2876
3455 2876
3456 2877
3457 2878
3458 2879
3459 2880
3460 2881
3461 2882
3462 2882
3463 2883
3464 2884
3465 2885
3466 2886
3467 2887
3468 2888
3469 2888
3470 2889
3471 2890
3472 2891
3473 2892
3474 2893
3475 2893
3476 2894
3477 2895
3478 2896
3479 2897
3480 2898
3481 2899
3482 2899
3483 2900
3484 2901
3485 2902
3486 2903
3487 2904
3488 2905
3489 2905
3490 2906
3491 2907
3492 2908
3493 2909
3494 2910
3495 2911
3496 2911
3497 2912
3498 2913
3499 2914
3500 2915
3501 2916
3502 2917
3503 2917
3504 2918
3505 2919
3506 2920
3507 2921
3508 2922
3509 2922
3510 2923
3511 2924
3512 2925
3513 2926
3514 2927
3515 2928
3516 2928
3517 2929
3518 2930
3519 2931
3520 2932
3521 2933
3522 2934
3523 2934
3524 2935
3525 2936
3526 2937
3527 2938
3528 2939
3529 2940
3530 2940
3531 2941
3532 2942
3533 2943
3534 2944
3535 2945
3536 2946
3537 2946
3538 2947
3539 2948
3540 2949
3541 2950
3542 2951
3543 2951
3544 2952
3545 2953
3546 2954
3547 2955
3548 2956
3549 2957
3550 2957
3551 2958
3552 2959
3553 2960
3554 2961
3555 2962
3556 2963
3557 2963
3558 2964
3559 2965
3560 2966
3561 2967
3562 2968
3563 2969
3564 2969
3565 2970
3566 2971
3567 2972
3568 2973
3569 2974
3570 2975
3571 2975
3572 2976
3573 2977
3574 2978
3575 2979
3576 2980
3577 2980
3578 2981
3579 2982
3580 2983
3581 2984
3582 2985
3583 2986
3584 2986
3585 2987
3586 2988
3587 2989
3588 2990
3589 2991
3590 2992
3591 2992
3592 2993
3593 2994
3594 2995
3595 2996
3596 2997
3597 2998
3598 2998
3599 2999
3600 3000
3601 3001
3602 3002
3603 3003
3604 3004
3605 3004
3606 3005
3607 3006
3608 3007
3609 3008
3610 3009
3611 3009
3612 3010
3613 3011
3614 3012
3615 3013
3616 3014
3617 3015
3618 3015
3619 3016
3620 3017
3621 3018
3622 3019
3623 3020
3624 3021
3625 3021
3626 3022
3627 3023
3628 3024
3629 3025
3630 3026
3631 3027
3632 3027
3633 3028
3634 3029
3635 3030
3636 3031
3637 3032
3638 3033
3639 3034
3640 3035
3641 3036
3642 3037
3643 3038
3644 3039
3645 3041
3646 3042
3647 3043
3648 3044
3649 3045
3650 3046
3651 3048
3652 3049
3653 3050
3654 3051
3655 3052
3656 3053
3657 3055
3658 3056
3659 3057
3660 3058
3661 3059
3662 3060
3663 3062
3664 3063
3665 3064
3666 3065
3667 3066
3668 3067
3669 3068
3670 3070
3671 3071
3672 3072
3673 3073
3674 3074
3675 3075
3676 3077
3677 3078
3678 3079
3679 3080
3680 3081
3681 3082
3682 3084
3683 3085
3684 3086
3685 3087
3686 3088
3687 3089
3688 3091
3689 3092
3690 3093
3691 3094
3692 3095
3693 3096
3694 3097
3695 3099
3696 3100
3697 3101
3698 3102
3699 3103
3700 3104
3701 3106
3702 3107
3703 3108
3704 3109
3705 3110
3706 3111
3707 3113
3708 3114
3709 3115
3710 3116
3711 3117
3712 3118
3713 3120
3714 3121
3715 3122
3716 3123
3717 3124
3718 3125
3719 3127
3720 3128
3721 3129
3722 3130
3723 3131
3724 3132
3725 3133
3726 3135
3727 3136
3728 3137
3729 3138
3730 3139
3731 3140
3732 3142
3733 3143
3734 3144
3735 3145
3736 3146
3737 3147
3738 3149
3739 3150
3740 3151
3741 3152
3742 3153
3743 3154
3744 3156
3745 3157
3746 3158
3747 3159
3748 3160
3749 3161
3750 3162
3751 3164
3752 3165
3753 3166
3754 3167
3755 3168
3756 3169
3757 3171
3758 3172
3759 3173
3760 3174
3761 3175
3762 3176
3763 3178
3764 3179
3765 3180
3766 3181
3767 3182
3768 3183
3769 3185
3770 3186
3771 3187
3772 3188
3773 3189
3774 3190
3775 3191
3776 3193
3777 3194
3778 3195
3779 3196
3780 3197
3781 3198
3782 3200
3783 3201
3784 3202
3785 3203
3786 3204
3787 3205
3788 3207
3789 3208
3790 3209
3791 3210
3792 3211
3793 3212
3794 3214
3795 3215
3796 3216
3797 3217
3798 3218
3799 3219
3800 3221
3801 3221
3802 3222
3803 3223
3804 3224
3805 3224
3806 3225
3807 3226
3808 3227
3809 3228
3810 3228
3811 3229
3812 3230
3813 3231
3814 3232
3815 3232
3816 3233
3817 3234
3818 3235
3819 3236
3820 3236
3821 3237
3822 3238
3823 3239
3824 3239
3825 3240
3826 3241
3827 3242
3828 3243
3829 3243
3830 3244
3831 3245
3832 3246
3833 3247
3834 3247
3835 3248
3836 3249
3837 3250
3838 3251
3839 3251
3840 3252
3841 3253
3842 3254
3843 3254
3844 3255
3845 3256
3846 3257
3847 3258
3848 3258
3849 3259
3850 3260
3851 3261
3852 3262
3853 3262
3854 3263
3855 3264
3856 3265
3857 3266
3858 3266
3859 3267
3860 3268
3861 3269
3862 3269
3863 3270
3864 3271
3865 3272
3866 3273
3867 3273
3868 3274
3869 3275
3870 3276
3871 3277
3872 3277
3873 3278
3874 3279
3875 3280
3876 3281
3877 3281
3878 3282
3879 3283
3880 3284
3881 3284
3882 3285
3883 3286
3884 3287
3885 3288
3886 3288
3887 3289
3888 3290
3889 3291
3890 3292
3891 3292
3892 3293
3893 3294
3894 3295
3895 3296
3896 3296
3897 3297
3898 3298
3899 3299
